  14.80000          0.02355 
  14.90000          0.04245 
  15.00000          0.08500 
  15.10000          0.16014 
  15.20000          0.27997 
  15.30000          0.41280 
  15.40000          0.73210 
  15.50000          1.24687 
  15.60000          1.95533 
  15.70000          2.86565 
  15.80000          3.94918 
  15.90000          5.56321 
  16.00000          7.70683 
  16.10000         10.09830 
  16.20000         12.61589 
  16.30000         15.73949 
  16.40000         19.02346 
  16.50000         22.48902 
  16.60000         25.76950 
  16.70000         29.17028 
  16.80000         33.58202 
  16.90000         37.17770 
  17.00000         41.35500 
  17.10000         45.06750 
  17.20000         49.92615 
  17.30000         56.09064 
  17.40000         62.46373 
  17.50000         70.37935 
  17.60000         79.41309 
  17.70000         88.73206 
  17.80000         98.03212 
  17.90000        102.64868 
  18.00000        108.97986 
  18.10000        114.68611 
  18.20000        113.86646 
  18.30000        106.34238 
  18.40000         96.27105 
  18.50000         78.87570 
  18.60000         52.56548 
  18.70000         18.91185 
  18.80000        -17.94322 
  18.90000        -61.35748 
  19.00000       -113.22601 
  19.10000       -167.59011 
  19.20000       -225.65777 
  19.30000       -279.91710 
  19.40000       -330.70178 
  19.50000       -379.90280 
  19.60000       -423.10657 
  19.70000       -465.09785 
  19.80000       -497.01832 
  19.90000       -521.46608 
  20.00000       -537.01633 
  20.10000       -544.56682 
  20.20000       -548.35072 
  20.30000       -547.01762 
  20.40000       -533.75786 
  20.50000       -515.56155 
  20.60000       -492.33030 
  20.70000       -474.29113 
  20.80000       -448.23858 
  20.90000       -419.31679 
  21.00000       -392.59268 
  21.10000       -366.24571 
  21.20000       -337.44617 
  21.30000       -309.17685 
  21.40000       -285.22433 
  21.50000       -262.18103 
  21.60000       -236.57493 
  21.70000       -214.92642 
  21.80000       -193.31509 
  21.90000       -171.83787 
  22.00000       -154.66500 
  22.10000       -136.95996 
  22.20000       -121.35786 
  22.30000       -107.27151 
  22.40000        -92.95503 
  22.50000        -80.24124 
  22.60000        -69.23606 
  22.70000        -59.50643 
  22.80000        -51.62830 
  22.90000        -43.25194 
  23.00000        -36.13360 
  23.10000        -29.98095 
  23.20000        -24.45629 
  23.30000        -20.95520 
  23.40000        -17.17293 
  23.50000        -13.64259 
  23.60000        -11.30452 
  23.70000         -9.46520 
  23.80000         -7.34501 
  23.90000         -5.75863 
  24.00000         -4.14826 
  24.10000         -3.10000 
  24.20000         -2.52462 
  24.30000         -1.87094 
  24.40000         -1.54799 
  24.50000         -1.18589 
