  14.80000          0.11279 
  14.90000          0.03289 
  15.00000          0.11037 
  15.10000          0.07616 
  15.20000          0.12806 
  15.30000          0.07911 
  15.40000          0.10938 
  15.50000          0.10644 
  15.60000          0.10504 
  15.70000          0.10087 
  15.80000          0.08883 
  15.90000          0.08523 
  16.00000          0.07696 
  16.10000          0.07197 
  16.20000          0.06207 
  16.30000          0.05993 
  16.40000          0.05156 
  16.50000          0.04889 
  16.60000          0.04437 
  16.70000          0.04013 
  16.80000          0.04021 
  16.90000          0.03578 
  17.00000          0.03603 
  17.10000          0.03318 
  17.20000          0.03229 
  17.30000          0.03184 
  17.40000          0.03051 
  17.50000          0.02979 
  17.60000          0.03009 
  17.70000          0.02806 
  17.80000          0.02849 
  17.90000          0.02552 
  18.00000          0.02532 
  18.10000          0.02402 
  18.20000          0.02293 
  18.30000          0.02044 
  18.40000          0.01981 
  18.50000          0.01795 
  18.60000          0.01661 
  18.70000          0.01436 
  18.80000          0.01361 
  18.90000          0.01204 
  19.00000          0.01035 
  19.10000          0.00923 
  19.20000          0.00721 
  19.30000          0.00625 
  19.40000          0.00527 
  19.50000          0.00381 
  19.60000          0.00355 
  19.70000          0.00140 
  19.80000          0.00113 
  19.90000         -0.00018 
  20.00000         -0.00104 
  20.10000         -0.00226 
  20.20000         -0.00248 
  20.30000         -0.00428 
  20.40000         -0.00408 
  20.50000         -0.00526 
  20.60000         -0.00511 
  20.70000         -0.00723 
  20.80000         -0.00700 
  20.90000         -0.00709 
  21.00000         -0.00855 
  21.10000         -0.00862 
  21.20000         -0.00882 
  21.30000         -0.00935 
  21.40000         -0.00995 
  21.50000         -0.01150 
  21.60000         -0.00953 
  21.70000         -0.01239 
  21.80000         -0.01139 
  21.90000         -0.01221 
  22.00000         -0.01181 
  22.10000         -0.01316 
  22.20000         -0.01400 
  22.30000         -0.01381 
  22.40000         -0.01405 
  22.50000         -0.01460 
  22.60000         -0.01586 
  22.70000         -0.01511 
  22.80000         -0.01750 
  22.90000         -0.01639 
  23.00000         -0.01705 
  23.10000         -0.01881 
  23.20000         -0.01751 
  23.30000         -0.02356 
  23.40000         -0.02334 
  23.50000         -0.01824 
  23.60000         -0.02827 
  23.70000         -0.02561 
  23.80000         -0.02237 
  23.90000         -0.03295 
  24.00000         -0.01400 
  24.10000         -0.03868 
  24.20000         -0.03972 
  24.30000         -0.01661 
  24.40000         -0.05813 
  24.50000         -0.03412 
