   0.26000       1726.90896 
   0.26200       1755.42881 
   0.26400       1750.78385 
   0.26600       1717.62114 
   0.26800       1660.58777 
   0.27000       1584.33080 
   0.27200       1493.49730 
   0.27400       1392.73435 
   0.27600       1286.68902 
   0.27800       1180.00838 
   0.28000       1077.33949 
   0.28200        982.45846 
   0.28400        895.65744 
   0.28600        816.35762 
   0.28800        743.98016 
   0.29000        677.94626 
   0.29200        617.67708 
   0.29400        562.59382 
   0.29600        512.11764 
   0.29800        465.66973 
   0.30000        422.67127 
   0.30200        382.62462 
   0.30400        345.35687 
   0.30600        310.77629 
   0.30800        278.79115 
   0.31000        249.30972 
   0.31200        222.24027 
   0.31400        197.49107 
   0.31600        174.97040 
   0.31800        154.58653 
   0.32000        136.24772 
   0.32200        119.84294 
   0.32400        105.18384 
   0.32600         92.06280 
   0.32800         80.27216 
   0.33000         69.60429 
   0.33200         59.85154 
   0.33400         50.80626 
   0.33600         42.26082 
   0.33800         34.00756 
   0.34000         25.83885 
   0.34200         17.61139 
   0.34400          9.43921 
   0.34600          1.50071 
   0.34800         -6.02573 
   0.35000        -12.96171 
   0.35200        -19.12884 
   0.35400        -24.34875 
   0.35600        -28.44304 
   0.35800        -31.23333 
   0.36000        -32.54122 
   0.36200        -32.24460 
   0.36400        -30.44646 
   0.36600        -27.30606 
   0.36800        -22.98265 
   0.37000        -17.63550 
   0.37200        -11.42385 
   0.37400         -4.50698 
   0.37600          2.95587 
   0.37800         10.80543 
   0.38000         18.88244 
   0.38200         27.02914 
   0.38400         35.09371 
   0.38600         42.92582 
   0.38800         50.37515 
   0.39000         57.29138 
   0.39200         63.52417 
   0.39400         68.92321 
   0.39600         73.33817 
   0.39800         76.61871 
   0.40000         78.61452 
   0.40200         79.23223 
   0.40400         78.60625 
   0.40600         76.92798 
   0.40800         74.38880 
   0.41000         71.18007 
   0.41200         67.49320 
   0.41400         63.51955 
   0.41600         59.45052 
   0.41800         55.47747 
   0.42000         51.79179 
   0.42200         48.54382 
   0.42400         45.71971 
   0.42600         43.26457 
   0.42800         41.12349 
   0.43000         39.24159 
   0.43200         37.56396 
   0.43400         36.03573 
   0.43600         34.60199 
   0.43800         33.20784 
   0.44000         31.79840 
   0.44200         30.33098 
   0.44400         28.81176 
   0.44600         27.25912 
   0.44800         25.69147 
   0.45000         24.12717 
   0.45200         22.58464 
   0.45400         21.08225 
   0.45600         19.63839 
   0.45800         18.27145 
   0.46000         16.99983 
   0.46200         15.83679 
   0.46400         14.77511 
   0.46600         13.80245 
   0.46800         12.90649 
   0.47000         12.07487 
   0.47200         11.29527 
   0.47400         10.55534 
   0.47600          9.84275 
   0.47800          9.14516 
   0.48000          8.45023 
   0.48200          7.74875 
   0.48400          7.04409 
   0.48600          6.34272 
   0.48800          5.65113 
   0.49000          4.97580 
   0.49200          4.32322 
   0.49400          3.69987 
   0.49600          3.11225 
   0.49800          2.56682 
   0.50000          2.07009 
   0.50200          1.62690 
   0.50400          1.23557 
   0.50600          0.89277 
   0.50800          0.59519 
   0.51000          0.33950 
   0.51200          0.12240 
   0.51400         -0.05944 
   0.51600         -0.20934 
   0.51800         -0.33061 
   0.52000         -0.42658 
   0.52200         -0.50053 
   0.52400         -0.55559 
   0.52600         -0.59488 
   0.52800         -0.62149 
   0.53000         -0.63852 
   0.53200         -0.64908 
   0.53400         -0.65628 
   0.53600         -0.66321 
   0.53800         -0.67297 
   0.54000         -0.68868 
   0.54200         -0.71306 
   0.54400         -0.74736 
   0.54600         -0.79244 
   0.54800         -0.84919 
   0.55000         -0.91846 
   0.55200         -1.00115 
   0.55400         -1.09811 
   0.55600         -1.21022 
   0.55800         -1.33836 
   0.56000         -1.48339 
   0.56200         -1.64569 
   0.56400         -1.82363 
   0.56600         -2.01507 
   0.56800         -2.21789 
   0.57000         -2.42994 
   0.57200         -2.64911 
   0.57400         -2.87325 
   0.57600         -3.10025 
   0.57800         -3.32795 
   0.58000         -3.55424 
   0.58200         -3.77668 
   0.58400         -3.99157 
   0.58600         -4.19494 
   0.58800         -4.38279 
   0.59000         -4.55112 
   0.59200         -4.69596 
   0.59400         -4.81331 
   0.59600         -4.89918 
   0.59800         -4.94958 
   0.60000         -4.96052 
   0.60200         -4.92913 
   0.60400         -4.85703 
   0.60600         -4.74696 
   0.60800         -4.60167 
   0.61000         -4.42388 
   0.61200         -4.21635 
   0.61400         -3.98181 
   0.61600         -3.72300 
   0.61800         -3.44267 
   0.62000         -3.14356 
   0.62200         -2.82845 
   0.62400         -2.50036 
   0.62600         -2.16235 
   0.62800         -1.81748 
   0.63000         -1.46881 
   0.63200         -1.11941 
   0.63400         -0.77233 
   0.63600         -0.43064 
   0.63800         -0.09739 
   0.64000          0.22434 
   0.64200          0.53183 
   0.64400          0.82368 
   0.64600          1.09879 
   0.64800          1.35610 
   0.65000          1.59452 
   0.65200          1.81298 
   0.65400          2.01040 
   0.65600          2.18571 
   0.65800          2.33781 
   0.66000          2.46564 
   0.66200          2.56859 
   0.66400          2.64797 
   0.66600          2.70555 
   0.66800          2.74311 
   0.67000          2.76244 
   0.67200          2.76530 
   0.67400          2.75349 
   0.67600          2.72878 
   0.67800          2.69294 
   0.68000          2.64776 
   0.68200          2.59488 
   0.68400          2.53546 
   0.68600          2.47048 
   0.68800          2.40098 
   0.69000          2.32795 
   0.69200          2.25240 
   0.69400          2.17535 
   0.69600          2.09781 
   0.69800          2.02078 
   0.70000          1.94528 
   0.70200          1.87210 
   0.70400          1.80115 
   0.70600          1.73212 
   0.70800          1.66472 
   0.71000          1.59864 
   0.71200          1.53358 
   0.71400          1.46922 
   0.71600          1.40528 
   0.71800          1.34143 
   0.72000          1.27739 
   0.72200          1.21298 
   0.72400          1.14858 
   0.72600          1.08472 
   0.72800          1.02193 
   0.73000          0.96071 
   0.73200          0.90160 
   0.73400          0.84512 
   0.73600          0.79178 
   0.73800          0.74212 
   0.74000          0.69665 
   0.74200          0.65566 
   0.74400          0.61853 
   0.74600          0.58441 
   0.74800          0.55243 
   0.75000          0.52175 
   0.75200          0.49151 
   0.75400          0.46085 
   0.75600          0.42893 
   0.75800          0.39487 
   0.76000          0.35784 
   0.76200          0.31714 
   0.76400          0.27277 
   0.76600          0.22489 
   0.76800          0.17367 
   0.77000          0.11927 
   0.77200          0.06187 
   0.77400          0.00162 
   0.77600         -0.06131 
   0.77800         -0.12676 
   0.78000         -0.19455 
   0.78200         -0.26444 
   0.78400         -0.33582 
   0.78600         -0.40796 
   0.78800         -0.48018 
   0.79000         -0.55175 
   0.79200         -0.62199 
   0.79400         -0.69018 
   0.79600         -0.75562 
   0.79800         -0.81760 
   0.80000         -0.87542 
   0.80200         -0.92860 
   0.80400         -0.97760 
   0.80600         -1.02310 
   0.80800         -1.06578 
   0.81000         -1.10632 
   0.81200         -1.14541 
   0.81400         -1.18374 
   0.81600         -1.22197 
   0.81800         -1.26081 
   0.82000         -1.30092 
   0.82200         -1.34271 
   0.82400         -1.38537 
   0.82600         -1.42783 
   0.82800         -1.46901 
   0.83000         -1.50782 
   0.83200         -1.54317 
   0.83400         -1.57399 
   0.83600         -1.59920 
   0.83800         -1.61770 
   0.84000         -1.62842 
   0.84200         -1.63060 
   0.84400         -1.62475 
   0.84600         -1.61172 
   0.84800         -1.59235 
   0.85000         -1.56749 
   0.85200         -1.53797 
   0.85400         -1.50465 
   0.85600         -1.46836 
   0.85800         -1.42995 
   0.86000         -1.39025 
   0.86200         -1.34996 
   0.86400         -1.30911 
   0.86600         -1.26756 
   0.86800         -1.22520 
   0.87000         -1.18189 
   0.87200         -1.13752 
   0.87400         -1.09194 
   0.87600         -1.04504 
   0.87800         -0.99669 
   0.88000         -0.94676 
   0.88200         -0.89521 
   0.88400         -0.84230 
   0.88600         -0.78839 
   0.88800         -0.73381 
   0.89000         -0.67893 
   0.89200         -0.62408 
   0.89400         -0.56962 
   0.89600         -0.51589 
   0.89800         -0.46325 
   0.90000         -0.41204 
   0.90200         -0.36258 
   0.90400         -0.31504 
   0.90600         -0.26959 
   0.90800         -0.22636 
   0.91000         -0.18550 
   0.91200         -0.14717 
   0.91400         -0.11151 
   0.91600         -0.07867 
   0.91800         -0.04879 
   0.92000         -0.02204 
   0.92200          0.00152 
   0.92400          0.02207 
   0.92600          0.03988 
   0.92800          0.05519 
   0.93000          0.06827 
   0.93200          0.07939 
   0.93400          0.08878 
   0.93600          0.09673 
   0.93800          0.10347 
   0.94000          0.10929 
   0.94200          0.11440 
   0.94400          0.11896 
   0.94600          0.12311 
   0.94800          0.12698 
   0.95000          0.13070 
   0.95200          0.13440 
   0.95400          0.13821 
   0.95600          0.14227 
   0.95800          0.14671 
   0.96000          0.15166 
   0.96200          0.15717 
   0.96400          0.16299 
   0.96600          0.16879 
   0.96800          0.17422 
   0.97000          0.17895 
   0.97200          0.18266 
   0.97400          0.18499 
   0.97600          0.18563 
   0.97800          0.18423 
   0.98000          0.18046 
   0.98200          0.17414 
   0.98400          0.16572 
   0.98600          0.15580 
   0.98800          0.14500 
   0.99000          0.13392 
   0.99200          0.12316 
   0.99400          0.11333 
   0.99600          0.10503 
   0.99800          0.09888 
   1.00000          0.09548 
   1.00200          0.09525 
   1.00400          0.09791 
   1.00600          0.10299 
   1.00800          0.11001 
   1.01000          0.11850 
   1.01200          0.12801 
   1.01400          0.13805 
   1.01600          0.14816 
   1.01800          0.15787 
   1.02000          0.16670 
   1.02200          0.17431 
   1.02400          0.18074 
   1.02600          0.18616 
   1.02800          0.19073 
   1.03000          0.19462 
   1.03200          0.19800 
   1.03400          0.20103 
   1.03600          0.20388 
   1.03800          0.20670 
   1.04000          0.20967 
   1.04200          0.21291 
   1.04400          0.21642 
   1.04600          0.22016 
   1.04800          0.22407 
   1.05000          0.22812 
   1.05200          0.23226 
   1.05400          0.23646 
   1.05600          0.24066 
   1.05800          0.24482 
   1.06000          0.24890 
   1.06200          0.25285 
   1.06400          0.25656 
   1.06600          0.25993 
   1.06800          0.26284 
   1.07000          0.26519 
   1.07200          0.26685 
   1.07400          0.26773 
   1.07600          0.26770 
   1.07800          0.26666 
   1.08000          0.26450 
   1.08200          0.26116 
   1.08400          0.25682 
   1.08600          0.25171 
   1.08800          0.24606 
   1.09000          0.24011 
   1.09200          0.23410 
   1.09400          0.22824 
   1.09600          0.22279 
   1.09800          0.21796 
   1.10000          0.21399 
   1.10200          0.21108 
   1.10400          0.20921 
   1.10600          0.20833 
   1.10800          0.20839 
   1.11000          0.20935 
   1.11200          0.21114 
   1.11400          0.21372 
   1.11600          0.21704 
   1.11800          0.22104 
   1.12000          0.22567 
   1.12200          0.23083 
   1.12400          0.23625 
   1.12600          0.24159 
   1.12800          0.24652 
   1.13000          0.25072 
   1.13200          0.25384 
   1.13400          0.25557 
   1.13600          0.25556 
   1.13800          0.25350 
   1.14000          0.24905 
   1.14200          0.24203 
   1.14400          0.23287 
   1.14600          0.22215 
   1.14800          0.21045 
   1.15000          0.19834 
   1.15200          0.18641 
   1.15400          0.17523 
   1.15600          0.16539 
   1.15800          0.15746 
   1.16000          0.15201 
   1.16200          0.14943 
   1.16400          0.14928 
   1.16600          0.15091 
   1.16800          0.15367 
   1.17000          0.15692 
   1.17200          0.16002 
   1.17400          0.16232 
   1.17600          0.16318 
   1.17800          0.16195 
   1.18000          0.15799 
   1.18200          0.15086 
   1.18400          0.14093 
   1.18600          0.12879 
   1.18800          0.11501 
   1.19000          0.10017 
   1.19200          0.08486 
   1.19400          0.06966 
   1.19600          0.05513 
   1.19800          0.04188 
   1.20000          0.03046 
   1.20200          0.02133 
   1.20400          0.01430 
   1.20600          0.00908 
   1.20800          0.00535 
   1.21000          0.00280 
   1.21200          0.00111 
   1.21400         -0.00001 
   1.21600         -0.00090 
   1.21800         -0.00185 
   1.22000         -0.00317 
   1.22200         -0.00512 
   1.22400         -0.00760 
   1.22600         -0.01047 
   1.22800         -0.01360 
   1.23000         -0.01682 
   1.23200         -0.01999 
   1.23400         -0.02296 
   1.23600         -0.02559 
   1.23800         -0.02772 
   1.24000         -0.02922 
   1.24200         -0.02998 
   1.24400         -0.03014 
   1.24600         -0.02989 
   1.24800         -0.02941 
   1.25000         -0.02889 
   1.25200         -0.02852 
   1.25400         -0.02849 
   1.25600         -0.02898 
   1.25800         -0.03018 
   1.26000         -0.03228 
   1.26200         -0.03540 
   1.26400         -0.03937 
   1.26600         -0.04398 
   1.26800         -0.04900 
   1.27000         -0.05420 
   1.27200         -0.05935 
   1.27400         -0.06423 
   1.27600         -0.06861 
   1.27800         -0.07227 
   1.28000         -0.07499 
   1.28200         -0.07658 
   1.28400         -0.07709 
   1.28600         -0.07661 
   1.28800         -0.07525 
   1.29000         -0.07310 
   1.29200         -0.07026 
   1.29400         -0.06681 
   1.29600         -0.06287 
   1.29800         -0.05851 
   1.30000         -0.05385 
   1.30200         -0.04897 
   1.30400         -0.04394 
   1.30600         -0.03883 
   1.30800         -0.03370 
   1.31000         -0.02862 
   1.31200         -0.02367 
   1.31400         -0.01889 
   1.31600         -0.01436 
   1.31800         -0.01015 
   1.32000         -0.00632 
   1.32200         -0.00292 
   1.32400          0.00010 
   1.32600          0.00280 
   1.32800          0.00523 
   1.33000          0.00747 
   1.33200          0.00956 
   1.33400          0.01159 
   1.33600          0.01360 
   1.33800          0.01565 
   1.34000          0.01782 
   1.34200          0.02013 
   1.34400          0.02249 
   1.34600          0.02475 
   1.34800          0.02678 
   1.35000          0.02847 
   1.35200          0.02966 
   1.35400          0.03023 
   1.35600          0.03006 
   1.35800          0.02899 
   1.36000          0.02691 
   1.36200          0.02375 
   1.36400          0.01972 
   1.36600          0.01510 
   1.36800          0.01016 
   1.37000          0.00519 
   1.37200          0.00045 
   1.37400         -0.00377 
   1.37600         -0.00719 
   1.37800         -0.00953 
   1.38000         -0.01052 
   1.38200         -0.00998 
   1.38400         -0.00809 
   1.38600         -0.00513 
   1.38800         -0.00140 
   1.39000          0.00283 
   1.39200          0.00727 
   1.39400          0.01163 
   1.39600          0.01564 
   1.39800          0.01901 
   1.40000          0.02145 
