0 0 0.000001241614138 
0 1 0.000013145615289 
0 2 0.000010372710085 
0 3 -0.000002411403242 
0 4 -0.000003763927089 
0 5 -0.000002677203190 
0 6 -0.000002124760631 
0 7 -0.000002816234194 
0 8 -0.000003705089976 
0 9 -0.000003917831450 
0 10 -0.000003451418996 
0 11 -0.000002525193401 
0 12 -0.000001399468787 
0 13 -0.000000022971594 
0 14 0.000001280366367 
0 15 0.000002263731337 
0 16 0.000002369096087 
0 17 0.000001668791944 
0 18 0.000001412265731 
0 19 0.000001634657147 
0 20 0.000001651739316 
0 21 0.000001511266689 
0 22 0.000001204424686 
0 23 0.000000644187058 
0 24 0.000000003661679 
0 25 -0.000000540383479 
0 26 -0.000001309102798 
0 27 -0.000001785656258 
0 28 -0.000001884670902 
0 29 -0.000001733435294 
0 30 -0.000001715813134 
0 31 -0.000001256735787 
0 32 -0.000000459683229 
0 33 0.000000457675539 
0 34 0.000000918630587 
0 35 0.000001012505644 
0 36 0.000001327771435 
0 37 0.000001679823601 
0 38 0.000001349782515 
0 39 0.000001258166792 
0 40 0.000000477442005 
0 41 -0.000000008850568 
0 42 -0.000000141629478 
0 43 -0.000000688869633 
0 44 -0.000001029629359 
0 45 -0.000001247263093 
0 46 -0.000001053006722 
0 47 -0.000000938147608 
0 48 -0.000000738859267 
0 49 -0.000000242109345 
0 50 -0.000000203415441 
0 51 -0.000000213536954 
0 52 0.000000304605701 
0 53 0.000000751495760 
0 54 0.000000798136368 
0 55 0.000001127359871 
0 56 0.000000951760638 
0 57 0.000000774510951 
1 0 0.000013145615289 
1 1 0.000579116307005 
1 2 0.001750870912539 
1 3 0.000356718833094 
1 4 -0.000417721238638 
1 5 -0.000306137065711 
1 6 -0.000236517484821 
1 7 -0.000321763209736 
1 8 -0.000435175922936 
1 9 -0.000465082960381 
1 10 -0.000417641035732 
1 11 -0.000329584560480 
1 12 -0.000220928381827 
1 13 -0.000087084978877 
1 14 0.000063803613216 
1 15 0.000206646154090 
1 16 0.000271073711858 
1 17 0.000236017442185 
1 18 0.000180065992085 
1 19 0.000170854924570 
1 20 0.000190192677289 
1 21 0.000196972689278 
1 22 0.000167364944410 
1 23 0.000111586330744 
1 24 0.000042338281741 
1 25 -0.000031184232660 
1 26 -0.000107650860259 
1 27 -0.000165803073841 
1 28 -0.000204367321991 
1 29 -0.000217219408196 
1 30 -0.000203103683970 
1 31 -0.000162950551489 
1 32 -0.000096823365927 
1 33 -0.000022229623811 
1 34 0.000043467663057 
1 35 0.000101448301017 
1 36 0.000142285405540 
1 37 0.000162940241000 
1 38 0.000156290662069 
1 39 0.000133259443538 
1 40 0.000090300596874 
1 41 0.000039624239514 
1 42 0.000001295936772 
1 43 -0.000043706203312 
1 44 -0.000082772562431 
1 45 -0.000100733882526 
1 46 -0.000102724633491 
1 47 -0.000105424211113 
1 48 -0.000085947167024 
1 49 -0.000060626188273 
1 50 -0.000030661151943 
1 51 -0.000003394235463 
1 52 0.000026717666052 
1 53 0.000053241133382 
1 54 0.000067047532220 
1 55 0.000077755932337 
1 56 0.000072315944778 
1 57 0.000060098239708 
2 0 0.000010372710085 
2 1 0.001750870912539 
2 2 0.015318158375288 
2 3 0.016341065836201 
2 4 -0.001595820142107 
2 5 -0.003652682023457 
2 6 -0.002858914647035 
2 7 -0.004062143619098 
2 8 -0.005700882466416 
2 9 -0.006256023923850 
2 10 -0.005799531077419 
2 11 -0.004854147465333 
2 12 -0.003582925247974 
2 13 -0.001974066971777 
2 14 -0.000103644064688 
2 15 0.001765743988065 
2 16 0.002978859476666 
2 17 0.003022164603709 
2 18 0.002389024228480 
2 19 0.002065124053686 
2 20 0.002237404268046 
2 21 0.002492842241309 
2 22 0.002472301556065 
2 23 0.002080862245065 
2 24 0.001364284977467 
2 25 0.000450271640642 
2 26 -0.000549629670435 
2 27 -0.001508592770581 
2 28 -0.002290425975708 
2 29 -0.002742076442710 
2 30 -0.002817260117493 
2 31 -0.002515679718427 
2 32 -0.001873356345995 
2 33 -0.001026797358107 
2 34 -0.000099737825762 
2 35 0.000776462081419 
2 36 0.001434372511909 
2 37 0.001844687424923 
2 38 0.001945348689710 
2 39 0.001797331976796 
2 40 0.001408251943512 
2 41 0.000897397894113 
2 42 0.000384543082127 
2 43 -0.000174213772867 
2 44 -0.000664660678311 
2 45 -0.000988562546268 
2 46 -0.001167226168795 
2 47 -0.001219698410743 
2 48 -0.001091080091357 
2 49 -0.000874369225952 
2 50 -0.000596756273051 
2 51 -0.000270728221274 
2 52 0.000075397167749 
2 53 0.000425600162466 
2 54 0.000691159503835 
2 55 0.000832217961421 
2 56 0.000870585792199 
2 57 0.000815374674024 
3 0 -0.000002411403242 
3 1 0.000356718833094 
3 2 0.016341065836201 
3 3 0.061201341800725 
3 4 0.033730606604316 
3 5 -0.004998751782020 
3 6 -0.008336443062435 
3 7 -0.013016790412503 
3 8 -0.019234626862698 
3 9 -0.021846001169826 
3 10 -0.021033072685160 
3 11 -0.018548158001532 
3 12 -0.014723387056445 
3 13 -0.009580236178006 
3 14 -0.003614360832976 
3 15 0.002345693190126 
3 16 0.006834487553804 
3 17 0.008306903902298 
3 18 0.007210713758200 
3 19 0.006117274568019 
3 20 0.006550817194062 
3 21 0.007873312044264 
3 22 0.008971513784319 
3 23 0.009107055131974 
3 24 0.007865210537862 
3 25 0.005266111998816 
3 26 0.001820327491594 
3 27 -0.001931814558981 
3 28 -0.005562170034352 
3 29 -0.008314064104618 
3 30 -0.009750100417863 
3 31 -0.009739081797038 
3 32 -0.008335941662426 
3 33 -0.005937307907207 
3 34 -0.002946895270219 
3 35 0.000158024328150 
3 36 0.002796324445591 
3 37 0.004703974671866 
3 38 0.005768486072636 
3 39 0.005901912705578 
3 40 0.005211594785491 
3 41 0.004026889229708 
3 42 0.002594058051630 
3 43 0.000978665454850 
3 44 -0.000520754209440 
3 45 -0.001811029826887 
3 46 -0.002782147923143 
3 47 -0.003346816350346 
3 48 -0.003409938882815 
3 49 -0.003107709366216 
3 50 -0.002595665753053 
3 51 -0.001807475051789 
3 52 -0.000812193117204 
3 53 0.000297416315363 
3 54 0.001293329734476 
3 55 0.002029766786638 
3 56 0.002452178734352 
3 57 0.002641385038278 
4 0 -0.000003763927089 
4 1 -0.000417721238638 
4 2 -0.001595820142107 
4 3 0.033730606604316 
4 4 0.092092829882175 
4 5 0.040599036001780 
4 6 -0.004499915996924 
4 7 -0.016361339881040 
4 8 -0.026055757588264 
4 9 -0.030880665548552 
4 10 -0.031175681089680 
4 11 -0.028935277295878 
4 12 -0.024403864931413 
4 13 -0.017716016905710 
4 14 -0.009985184527381 
4 15 -0.002472766502854 
4 16 0.003569475903114 
4 17 0.006740263510823 
4 18 0.007058434607420 
4 19 0.006553125231253 
4 20 0.007321305826705 
4 21 0.009513657861671 
4 22 0.012264356388308 
4 23 0.014501398212131 
4 24 0.015104079326868 
4 25 0.013103066096636 
4 26 0.008732800427993 
4 27 0.002969228894099 
4 28 -0.003181857542582 
4 29 -0.008686472091426 
4 30 -0.012573046318160 
4 31 -0.014326168491030 
4 32 -0.013800721249234 
4 33 -0.011384347850123 
4 34 -0.007845626877815 
4 35 -0.003736058705131 
4 36 0.000259459144041 
4 37 0.003556837841087 
4 38 0.005956352322421 
4 39 0.007039335513376 
4 40 0.007101097931244 
4 41 0.006424893082257 
4 42 0.005139362808583 
4 43 0.003478937144219 
4 44 0.001682563314512 
4 45 -0.000066979546454 
4 46 -0.001709168593338 
4 47 -0.003032785013497 
4 48 -0.003886074738105 
4 49 -0.004193039966767 
4 50 -0.004130347551913 
4 51 -0.003577524951359 
4 52 -0.002421823434309 
4 53 -0.001174860122456 
4 54 0.000295479639074 
4 55 0.001578629094548 
4 56 0.002525714141437 
4 57 0.003245447491096 
5 0 -0.000002677203190 
5 1 -0.000306137065711 
5 2 -0.003652682023457 
5 3 -0.004998751782020 
5 4 0.040599036001780 
5 5 0.082977375874939 
5 6 0.031300111912667 
5 7 -0.008316377364312 
5 8 -0.019919359737190 
5 9 -0.024607550936028 
5 10 -0.025864373600533 
5 11 -0.025049232334119 
5 12 -0.022134785872170 
5 13 -0.017347603892161 
5 14 -0.011808755619803 
5 15 -0.006486885676674 
5 16 -0.001966927148344 
5 17 0.001127455903376 
5 18 0.002718320209317 
5 19 0.003543468036193 
5 20 0.004660287682571 
5 21 0.006416492995935 
5 22 0.008554987752439 
5 23 0.010781019274159 
5 24 0.012653028388829 
5 25 0.012950797612506 
5 26 0.010845669687313 
5 27 0.006684400722209 
5 28 0.001582386720607 
5 29 -0.003534914315900 
5 30 -0.007687475328945 
5 31 -0.010352704061649 
5 32 -0.011218927999922 
5 33 -0.010305028755260 
5 34 -0.008211914605220 
5 35 -0.005438919781680 
5 36 -0.002423304421600 
5 37 0.000409396209853 
5 38 0.002685399228139 
5 39 0.004166549944814 
5 40 0.004973224791128 
5 41 0.005169069479261 
5 42 0.004694382454788 
5 43 0.003822301805865 
5 44 0.002646845820555 
5 45 0.001351822185348 
5 46 -0.000057908668029 
5 47 -0.001340618703194 
5 48 -0.002387286227576 
5 49 -0.002976739190876 
5 50 -0.003306706813482 
5 51 -0.003101021374133 
5 52 -0.002471046452393 
5 53 -0.001777548862600 
5 54 -0.000655947168697 
5 55 0.000475795235233 
5 56 0.001355801767803 
5 57 0.002215751548631 
6 0 -0.000002124760631 
6 1 -0.000236517484821 
6 2 -0.002858914647035 
6 3 -0.008336443062435 
6 4 -0.004499915996924 
6 5 0.031300111912667 
6 6 0.063861609498653 
6 7 0.027852411730206 
6 8 -0.009768306706515 
6 9 -0.017202214987160 
6 10 -0.017809737869152 
6 11 -0.017056773630373 
6 12 -0.015285529763585 
6 13 -0.012664298709515 
6 14 -0.009772912604193 
6 15 -0.007008319494261 
6 16 -0.004468955635497 
6 17 -0.002163415392056 
6 18 -0.000112653180586 
6 19 0.001623642663465 
6 20 0.003145146104688 
6 21 0.004504584139155 
6 22 0.005273315096382 
6 23 0.005311503659851 
6 24 0.005452446242973 
6 25 0.006104171251823 
6 26 0.006387854315645 
6 27 0.005362037371259 
6 28 0.003107045016350 
6 29 0.000225941261766 
6 30 -0.002518214872547 
6 31 -0.004549358315698 
6 32 -0.005669993962460 
6 33 -0.005868879648522 
6 34 -0.005190935073159 
6 35 -0.003954399593894 
6 36 -0.002498489859600 
6 37 -0.000870432117173 
6 38 0.000683614604741 
6 39 0.001993989622499 
6 40 0.002941645521972 
6 41 0.003411100124158 
6 42 0.003325495952419 
6 43 0.002767045993996 
6 44 0.001923331754309 
6 45 0.000958836416646 
6 46 -0.000084271317187 
6 47 -0.001040916469484 
6 48 -0.001746313340931 
6 49 -0.002087137512547 
6 50 -0.002304111620920 
6 51 -0.002130186340278 
6 52 -0.001667462842066 
6 53 -0.001168505511333 
6 54 -0.000527362200509 
6 55 0.000208345448757 
6 56 0.000814791497542 
6 57 0.001321311621381 
7 0 -0.000002816234194 
7 1 -0.000321763209736 
7 2 -0.004062143619098 
7 3 -0.013016790412503 
7 4 -0.016361339881040 
7 5 -0.008316377364312 
7 6 0.027852411730206 
7 7 0.079859196297097 
7 8 0.039882476579174 
7 9 -0.011510939681119 
7 10 -0.017648500507720 
7 11 -0.015963707493600 
7 12 -0.013916045234749 
7 13 -0.011944634952488 
7 14 -0.010316965916846 
7 15 -0.008925673647562 
7 16 -0.007400755249378 
7 17 -0.005291199497929 
7 18 -0.002514385309533 
7 19 0.000255356795685 
7 20 0.002468723165344 
7 21 0.004088099020831 
7 22 0.004942657586911 
7 23 0.004386696244781 
7 24 0.002400552935060 
7 25 0.001039076827866 
7 26 0.001567794727856 
7 27 0.002910028353404 
7 28 0.003527343173302 
7 29 0.002698428316177 
7 30 0.001004268888078 
7 31 -0.000848198984802 
7 32 -0.002298869583871 
7 33 -0.003172695995246 
7 34 -0.003414813290350 
7 35 -0.003195419978489 
7 36 -0.002650324004112 
7 37 -0.001841594044076 
7 38 -0.000652741476932 
7 39 0.000797450737418 
7 40 0.002088046694173 
7 41 0.003056158012000 
7 42 0.003418150684608 
7 43 0.003112372572744 
7 44 0.002358729062163 
7 45 0.001231980737958 
7 46 -0.000035861163265 
7 47 -0.001132264157167 
7 48 -0.002028984538072 
7 49 -0.002437431266790 
7 50 -0.002545599488332 
7 51 -0.002394045577539 
7 52 -0.001910929390743 
7 53 -0.001255214570706 
7 54 -0.000670445242688 
7 55 -0.000063549202557 
7 56 0.000624850597282 
7 57 0.001153495628611 
8 0 -0.000003705089976 
8 1 -0.000435175922936 
8 2 -0.005700882466416 
8 3 -0.019234626862698 
8 4 -0.026055757588264 
8 5 -0.019919359737190 
8 6 -0.009768306706515 
8 7 0.039882476579174 
8 8 0.115104387372084 
8 9 0.053244688227720 
8 10 -0.013766745400589 
8 11 -0.019607246219638 
8 12 -0.017080787438603 
8 13 -0.015241722452482 
8 14 -0.014099420165100 
8 15 -0.013391110146854 
8 16 -0.012404926482914 
8 17 -0.010309222472447 
8 18 -0.006917290111949 
8 19 -0.003286190539534 
8 20 -0.000368927790093 
8 21 0.001724263245712 
8 22 0.003298086307156 
8 23 0.004416622945029 
8 24 0.003816463688182 
8 25 0.001373175219547 
8 26 -0.000116631437576 
8 27 0.001135254189532 
8 28 0.003969110511183 
8 29 0.005649599329962 
8 30 0.005231848539655 
8 31 0.003287388904468 
8 32 0.000818823163828 
8 33 -0.001423592410114 
8 34 -0.003098988641938 
8 35 -0.003989674534900 
8 36 -0.004229771241119 
8 37 -0.004019046230854 
8 38 -0.003153739679799 
8 39 -0.001647960560661 
8 40 0.000238336285466 
8 41 0.002090806257400 
8 42 0.003487849179558 
8 43 0.004113607606273 
8 44 0.004018784435759 
8 45 0.003107131895238 
8 46 0.001860663420658 
8 47 0.000484282654945 
8 48 -0.001052263574601 
8 49 -0.002243305773335 
8 50 -0.002703352959773 
8 51 -0.002899807199900 
8 52 -0.002763578156866 
8 53 -0.002403481686449 
8 54 -0.001919617022892 
8 55 -0.001203249135476 
8 56 -0.000417299318956 
8 57 0.000314983412327 
9 0 -0.000003917831450 
9 1 -0.000465082960381 
9 2 -0.006256023923850 
9 3 -0.021846001169826 
9 4 -0.030880665548552 
9 5 -0.024607550936028 
9 6 -0.017202214987160 
9 7 -0.011510939681119 
9 8 0.053244688227720 
9 9 0.143419005948821 
9 10 0.063165311695177 
9 11 -0.013757441702496 
9 12 -0.020407453540102 
9 13 -0.018841169337147 
9 14 -0.018195561690693 
9 15 -0.018091584487684 
9 16 -0.017660819842805 
9 17 -0.015885618981843 
9 18 -0.012635945506052 
9 19 -0.008995680538408 
9 20 -0.005983052731287 
9 21 -0.003634567654849 
9 22 -0.001505630360884 
9 23 0.001095344413374 
9 24 0.004009996359734 
9 25 0.005081908329495 
9 26 0.003336162941055 
9 27 0.001930604114325 
9 28 0.003926345823608 
9 29 0.007477119296658 
9 30 0.009295464994492 
9 31 0.008286007931760 
9 32 0.005224843330841 
9 33 0.001399201429942 
9 34 -0.002142381280072 
9 35 -0.004632679708516 
9 36 -0.006018965575281 
9 37 -0.006519079678540 
9 38 -0.006209619613045 
9 39 -0.005177689261836 
9 40 -0.003298308334091 
9 41 -0.000912464527746 
9 42 0.001693665428868 
9 43 0.003802835390528 
9 44 0.004966571748552 
9 45 0.005155167003938 
9 46 0.004652176270785 
9 47 0.003520388172525 
9 48 0.001793680434823 
9 49 0.000039553058145 
9 50 -0.001349458132202 
9 51 -0.002487324440865 
9 52 -0.003328243401870 
9 53 -0.003536890497290 
9 54 -0.003345462214009 
9 55 -0.002765559479967 
9 56 -0.002125387477499 
9 57 -0.001408521863960 
10 0 -0.000003451418996 
10 1 -0.000417641035732 
10 2 -0.005799531077419 
10 3 -0.021033072685160 
10 4 -0.031175681089680 
10 5 -0.025864373600533 
10 6 -0.017809737869152 
10 7 -0.017648500507720 
10 8 -0.013766745400589 
10 9 0.063165311695177 
10 10 0.159959716797975 
10 11 0.068992383104428 
10 12 -0.012669505061962 
10 13 -0.020709652968316 
10 14 -0.020676490595987 
10 15 -0.021186181769359 
10 16 -0.021359459210592 
10 17 -0.020142570275377 
10 18 -0.017520884940248 
10 19 -0.014543159652343 
10 20 -0.012031988262226 
10 21 -0.009958392087580 
10 22 -0.007810264918620 
10 23 -0.004887590861734 
10 24 -0.000413327672907 
10 25 0.004934560394909 
10 26 0.007875777072344 
10 27 0.006920392608820 
10 28 0.005717500704590 
10 29 0.007586590883426 
10 30 0.010961042877327 
10 31 0.012107395312037 
10 32 0.009865949776801 
10 33 0.005501288569587 
10 34 0.000528811629140 
10 35 -0.003755797360235 
10 36 -0.006720253103777 
10 37 -0.008217419941360 
10 38 -0.008629404476524 
10 39 -0.008060720589649 
10 40 -0.006679508332942 
10 41 -0.004504119969490 
10 42 -0.001588422267883 
10 43 0.001548573425277 
10 44 0.004096563387606 
10 45 0.005734546398616 
10 46 0.006457090944222 
10 47 0.006258151923098 
10 48 0.005037271476041 
10 49 0.003173437558549 
10 50 0.001247640651410 
10 51 -0.000663228834955 
10 52 -0.002501759821215 
10 53 -0.003656157327285 
10 54 -0.004245238132933 
10 55 -0.004285585167556 
10 56 -0.003852136444831 
10 57 -0.003226707287984 
11 0 -0.000002525193401 
11 1 -0.000329584560480 
11 2 -0.004854147465333 
11 3 -0.018548158001532 
11 4 -0.028935277295878 
11 5 -0.025049232334119 
11 6 -0.017056773630373 
11 7 -0.015963707493600 
11 8 -0.019607246219638 
11 9 -0.013757441702496 
11 10 0.068992383104428 
11 11 0.165714005018497 
11 12 0.070574924192023 
11 13 -0.011721176195589 
11 14 -0.021216593560140 
11 15 -0.022356336680247 
11 16 -0.023087320543762 
11 17 -0.022475830894060 
11 18 -0.020588688668586 
11 19 -0.018420589183491 
11 20 -0.016696450221649 
11 21 -0.015235924449044 
11 22 -0.013511816375297 
11 23 -0.010889777013893 
11 24 -0.006739335514114 
11 25 -0.000484595695364 
11 26 0.006888112417017 
11 27 0.011399873765024 
11 28 0.010919548262340 
11 29 0.009398519751191 
11 30 0.010578349210753 
11 31 0.012906640433778 
11 32 0.012902013972689 
11 33 0.009700722131239 
11 34 0.004470942262326 
11 35 -0.001093830220459 
11 36 -0.005677608741656 
11 37 -0.008538436898388 
11 38 -0.009872964872465 
11 39 -0.009885336469051 
11 40 -0.009058457508514 
11 41 -0.007396263334724 
11 42 -0.004884375410414 
11 43 -0.001635507801944 
11 44 0.001682904777336 
11 45 0.004514753626836 
11 46 0.006695556069281 
11 47 0.007648784119383 
11 48 0.007398659679360 
11 49 0.006083702455476 
11 50 0.004208876718793 
11 51 0.001956256365739 
11 52 -0.000491438662463 
11 53 -0.002475514613419 
11 54 -0.004162343387354 
11 55 -0.005102557563386 
11 56 -0.005099459570142 
11 57 -0.004753140434517 
12 0 -0.000001399468787 
12 1 -0.000220928381827 
12 2 -0.003582925247974 
12 3 -0.014723387056445 
12 4 -0.024403864931413 
12 5 -0.022134785872170 
12 6 -0.015285529763585 
12 7 -0.013916045234749 
12 8 -0.017080787438603 
12 9 -0.020407453540102 
12 10 -0.012669505061962 
12 11 0.070574924192023 
12 12 0.163300619328268 
12 13 0.068633289162900 
12 14 -0.012176647978807 
12 15 -0.022294395898510 
12 16 -0.023487474714221 
12 17 -0.023280524037871 
12 18 -0.021957865754526 
12 19 -0.020485461845296 
12 20 -0.019399071950461 
12 21 -0.018546585130339 
12 22 -0.017300640225592 
12 23 -0.015221233984319 
12 24 -0.011845203768156 
12 25 -0.006432320947975 
12 26 0.001287246525754 
12 27 0.009690407515228 
12 28 0.014536221100936 
12 29 0.013817640174657 
12 30 0.011626332618707 
12 31 0.011845632099523 
12 32 0.013053119552469 
12 33 0.012036764218410 
12 34 0.008154462532408 
12 35 0.002537040540009 
12 36 -0.003027725877732 
12 37 -0.007190688119361 
12 38 -0.009800844232957 
12 39 -0.010671945281999 
12 40 -0.010274656583685 
12 41 -0.009142620791619 
12 42 -0.007303508190256 
12 43 -0.004612592239577 
12 44 -0.001347912583290 
12 45 0.002136710301920 
12 46 0.005282072375512 
12 47 0.007329207513391 
12 48 0.008364984595303 
12 49 0.008108268874173 
12 50 0.006602218156074 
12 51 0.004483569433359 
12 52 0.001934455574041 
12 53 -0.000531475191811 
12 54 -0.002940411703517 
12 55 -0.004755290540589 
12 56 -0.005539668157645 
12 57 -0.005566978171604 
13 0 -0.000000022971594 
13 1 -0.000087084978877 
13 2 -0.001974066971777 
13 3 -0.009580236178006 
13 4 -0.017716016905710 
13 5 -0.017347603892161 
13 6 -0.012664298709515 
13 7 -0.011944634952488 
13 8 -0.015241722452482 
13 9 -0.018841169337147 
13 10 -0.020709652968316 
13 11 -0.011721176195589 
13 12 0.068633289162900 
13 13 0.156823969374166 
13 14 0.065176887911904 
13 15 -0.013636158628194 
13 16 -0.023259365775758 
13 17 -0.023257574617953 
13 18 -0.022275200523072 
13 19 -0.021264745565149 
13 20 -0.020653445738258 
13 21 -0.020186270068611 
13 22 -0.019249584172148 
13 23 -0.017499563711680 
13 24 -0.014650923178264 
13 25 -0.010359365572711 
13 26 -0.004295133847081 
13 27 0.003641502784147 
13 28 0.011653147663086 
13 29 0.016032394944850 
13 30 0.014711296702556 
13 31 0.011899534669008 
13 32 0.011250699394169 
13 33 0.011581636143677 
13 34 0.010150944627331 
13 35 0.006215806356795 
13 36 0.000886730682149 
13 37 -0.004159715716220 
13 38 -0.007938444922690 
13 39 -0.010014094108691 
13 40 -0.010555566144198 
13 41 -0.010044435948282 
13 42 -0.008698457850338 
13 43 -0.006697135527757 
13 44 -0.004025983173382 
13 45 -0.000558152447453 
13 46 0.002822682783010 
13 47 0.005554811143812 
13 48 0.007656925830588 
13 49 0.008541752265999 
13 50 0.008015445222753 
13 51 0.006469076066101 
13 52 0.004280528671870 
13 53 0.001708424731595 
13 54 -0.000956398054256 
13 55 -0.003352834452373 
13 56 -0.004910015490994 
13 57 -0.005727318598386 
14 0 0.000001280366367 
14 1 0.000063803613216 
14 2 -0.000103644064688 
14 3 -0.003614360832976 
14 4 -0.009985184527381 
14 5 -0.011808755619803 
14 6 -0.009772912604193 
14 7 -0.010316965916846 
14 8 -0.014099420165100 
14 9 -0.018195561690693 
14 10 -0.020676490595987 
14 11 -0.021216593560140 
14 12 -0.012176647978807 
14 13 0.065176887911904 
14 14 0.152061364575530 
14 15 0.063179536091362 
14 16 -0.014612844763499 
14 17 -0.023109677945241 
14 18 -0.022299797730358 
14 19 -0.021605262098383 
14 20 -0.021246155330210 
14 21 -0.020895177582678 
14 22 -0.020074137178658 
14 23 -0.018512314819245 
14 24 -0.015996507040361 
14 25 -0.012694622692712 
14 26 -0.008236242060328 
14 27 -0.002225893105264 
14 28 0.004939971691136 
14 29 0.012079319035422 
14 30 0.015232231435349 
14 31 0.013464922215685 
14 32 0.010480730134277 
14 33 0.009728429845896 
14 34 0.010125755068617 
14 35 0.008937976175252 
14 36 0.005323207702330 
14 37 0.000464417127945 
14 38 -0.004168549740799 
14 39 -0.007674905574100 
14 40 -0.009542809184798 
14 41 -0.010034802194476 
14 42 -0.009451188623140 
14 43 -0.008067090112454 
14 44 -0.006095708132263 
14 45 -0.003348261051429 
14 46 -0.000302237053345 
14 47 0.002758472585260 
14 48 0.005659393811001 
14 49 0.007466639189499 
14 50 0.008115057235202 
14 51 0.007550724495047 
14 52 0.006053246624805 
14 53 0.003900722008948 
14 54 0.001381082216921 
14 55 -0.001171295903923 
14 56 -0.003273192585324 
14 57 -0.004849511328418 
15 0 0.000002263731337 
15 1 0.000206646154090 
15 2 0.001765743988065 
15 3 0.002345693190126 
15 4 -0.002472766502854 
15 5 -0.006486885676674 
15 6 -0.007008319494261 
15 7 -0.008925673647562 
15 8 -0.013391110146854 
15 9 -0.018091584487684 
15 10 -0.021186181769359 
15 11 -0.022356336680247 
15 12 -0.022294395898510 
15 13 -0.013636158628194 
15 14 0.063179536091362 
15 15 0.152450337229319 
15 16 0.064307166975741 
15 17 -0.014315752060025 
15 18 -0.022428185141939 
15 19 -0.021923258979059 
15 20 -0.021706823652434 
15 21 -0.021434482927257 
15 22 -0.020672709536641 
15 23 -0.019204095101902 
15 24 -0.017123113565349 
15 25 -0.014519494819133 
15 26 -0.011204612726611 
15 27 -0.006946701866351 
15 28 -0.001633039955582 
15 29 0.004707844307655 
15 30 0.010679275837751 
15 31 0.013344899304594 
15 32 0.011576266740000 
15 33 0.008953969017568 
15 34 0.008750261014162 
15 35 0.009553789142951 
15 36 0.008749922758519 
15 37 0.005489312553158 
15 38 0.000962638810628 
15 39 -0.003442047704277 
15 40 -0.006840871900136 
15 41 -0.008833903375177 
15 42 -0.009544697045777 
15 43 -0.009031372167290 
15 44 -0.007732367222936 
15 45 -0.005821097651321 
15 46 -0.003368991152583 
15 47 -0.000376958538754 
15 48 0.002746691208734 
15 49 0.005253264267138 
15 50 0.006931036622909 
15 51 0.007476965772154 
15 52 0.007115402918059 
15 53 0.005737848534033 
15 54 0.003567329158374 
15 55 0.001181060596600 
15 56 -0.001106642137912 
15 57 -0.003044731861813 
16 0 0.000002369096087 
16 1 0.000271073711858 
16 2 0.002978859476666 
16 3 0.006834487553804 
16 4 0.003569475903114 
16 5 -0.001966927148344 
16 6 -0.004468955635497 
16 7 -0.007400755249378 
16 8 -0.012404926482914 
16 9 -0.017660819842805 
16 10 -0.021359459210592 
16 11 -0.023087320543762 
16 12 -0.023487474714221 
16 13 -0.023259365775758 
16 14 -0.014612844763499 
16 15 0.064307166975741 
16 16 0.157768824882236 
16 17 0.067660976989898 
16 18 -0.013388038630813 
16 19 -0.022260790811064 
16 20 -0.022395800188885 
16 21 -0.022268088480997 
16 22 -0.021641185854682 
16 23 -0.020376243456892 
16 24 -0.018642692497146 
16 25 -0.016534581122143 
16 26 -0.014074998030830 
16 27 -0.011015149770483 
16 28 -0.007223159793114 
16 29 -0.002484411835079 
16 30 0.003309623630036 
16 31 0.009065928932793 
16 32 0.011779324408172 
16 33 0.010253073685979 
16 34 0.008316448702169 
16 35 0.008746405252116 
16 36 0.010191560200696 
16 37 0.009664944839765 
16 38 0.006694663807941 
16 39 0.002177987757252 
16 40 -0.002484622184186 
16 41 -0.006319078947192 
16 42 -0.008612813752305 
16 43 -0.009413907070156 
16 44 -0.009050018043728 
16 45 -0.007989150546322 
16 46 -0.006182251162807 
16 47 -0.003584591520175 
16 48 -0.000630826308690 
16 49 0.002371435411355 
16 50 0.004809653515351 
16 51 0.006460335964532 
16 52 0.007227541241377 
16 53 0.006841355647647 
16 54 0.005590838977973 
16 55 0.003655387661404 
16 56 0.001336646654625 
16 57 -0.000690105491448 
17 0 0.000001668791944 
17 1 0.000236017442185 
17 2 0.003022164603709 
17 3 0.008306903902298 
17 4 0.006740263510823 
17 5 0.001127455903376 
17 6 -0.002163415392056 
17 7 -0.005291199497929 
17 8 -0.010309222472447 
17 9 -0.015885618981843 
17 10 -0.020142570275377 
17 11 -0.022475830894060 
17 12 -0.023280524037871 
17 13 -0.023257574617953 
17 14 -0.023109677945241 
17 15 -0.014315752060025 
17 16 0.067660976989898 
17 17 0.164938103989568 
17 18 0.071644233832744 
17 19 -0.013089196381087 
17 20 -0.023208112485959 
17 21 -0.023637833462580 
17 22 -0.023392932682829 
17 23 -0.022430107250251 
17 24 -0.021036786835093 
17 25 -0.019254224917974 
17 26 -0.017262828284255 
17 27 -0.014855131407150 
17 28 -0.011947162138760 
17 29 -0.008232209856364 
17 30 -0.003387672150313 
17 31 0.002672191797151 
17 32 0.008614230861839 
17 33 0.011539858523276 
17 34 0.010429926711849 
17 35 0.008798792210350 
17 36 0.009612503392336 
17 37 0.011233969108041 
17 38 0.010845274765595 
17 39 0.007678092194046 
17 40 0.002701658353311 
17 41 -0.002390527607917 
17 42 -0.006287570901025 
17 43 -0.008758268391898 
17 44 -0.009784877955553 
17 45 -0.009511810511491 
17 46 -0.008363751096652 
17 47 -0.006463743624317 
17 48 -0.003908139227984 
17 49 -0.000904086907653 
17 50 0.002143898334433 
17 51 0.004878427192660 
17 52 0.006607708827239 
17 53 0.007249465799451 
17 54 0.006961303208133 
17 55 0.005790654079782 
17 56 0.003750033688320 
17 57 0.001563158662732 
18 0 0.000001412265731 
18 1 0.000180065992085 
18 2 0.002389024228480 
18 3 0.007210713758200 
18 4 0.007058434607420 
18 5 0.002718320209317 
18 6 -0.000112653180586 
18 7 -0.002514385309533 
18 8 -0.006917290111949 
18 9 -0.012635945506052 
18 10 -0.017520884940248 
18 11 -0.020588688668586 
18 12 -0.021957865754526 
18 13 -0.022275200523072 
18 14 -0.022299797730358 
18 15 -0.022428185141939 
18 16 -0.013388038630813 
18 17 0.071644233832744 
18 18 0.172826566422848 
18 19 0.075696821255002 
18 20 -0.014223650519078 
18 21 -0.025415342341844 
18 22 -0.025840573905912 
18 23 -0.025322261260142 
18 24 -0.024210087175057 
18 25 -0.022649129863285 
18 26 -0.020828229673060 
18 27 -0.018673433107380 
18 28 -0.016042958120817 
18 29 -0.012740808179863 
18 30 -0.008567561176815 
18 31 -0.003268644372988 
18 32 0.003227724386996 
18 33 0.009585406935481 
18 34 0.012542728876889 
18 35 0.011248179180201 
18 36 0.009613265418273 
18 37 0.010513446308979 
18 38 0.012038203364008 
18 39 0.011454521339546 
18 40 0.007812495719796 
18 41 0.002532894081605 
18 42 -0.002606496929865 
18 43 -0.006734328195188 
18 44 -0.009394460744639 
18 45 -0.010340614226864 
18 46 -0.010024936085729 
18 47 -0.008693339126033 
18 48 -0.006618666806635 
18 49 -0.003944938607305 
18 50 -0.000728454190377 
18 51 0.002493730207624 
18 52 0.005127310915737 
18 53 0.006906333881112 
18 54 0.007590379571025 
18 55 0.007250886526449 
18 56 0.005812225843661 
18 57 0.003755718373896 
19 0 0.000001634657147 
19 1 0.000170854924570 
19 2 0.002065124053686 
19 3 0.006117274568019 
19 4 0.006553125231253 
19 5 0.003543468036193 
19 6 0.001623642663465 
19 7 0.000255356795685 
19 8 -0.003286190539534 
19 9 -0.008995680538408 
19 10 -0.014543159652343 
19 11 -0.018420589183491 
19 12 -0.020485461845296 
19 13 -0.021264745565149 
19 14 -0.021605262098383 
19 15 -0.021923258979059 
19 16 -0.022260790811064 
19 17 -0.013089196381087 
19 18 0.075696821255002 
19 19 0.184395991961801 
19 20 0.081505322092561 
19 21 -0.016379424330065 
19 22 -0.028576910671635 
19 23 -0.028706002444985 
19 24 -0.027982381991092 
19 25 -0.026652283029209 
19 26 -0.024886742671640 
19 27 -0.022854730149836 
19 28 -0.020387243843519 
19 29 -0.017208638510662 
19 30 -0.013325513520812 
19 31 -0.008632162413070 
19 32 -0.002690352879254 
19 33 0.004331960565701 
19 34 0.010915238842206 
19 35 0.013829899583447 
19 36 0.012317786481307 
19 37 0.010554756642882 
19 38 0.011402750193364 
19 39 0.012958527530808 
19 40 0.012079180189587 
19 41 0.007965304235709 
19 42 0.002340966502444 
19 43 -0.003329099073688 
19 44 -0.007605715863657 
19 45 -0.010279399692456 
19 46 -0.011230444012986 
19 47 -0.010632904440979 
19 48 -0.009177914448354 
19 49 -0.006941565994991 
19 50 -0.003945827875024 
19 51 -0.000629414467889 
19 52 0.002837811313214 
19 53 0.005674005458964 
19 54 0.007552818929185 
19 55 0.008220019974609 
19 56 0.007756367623183 
19 57 0.006169098019932 
20 0 0.000001651739316 
20 1 0.000190192677289 
20 2 0.002237404268046 
20 3 0.006550817194062 
20 4 0.007321305826705 
20 5 0.004660287682571 
20 6 0.003145146104688 
20 7 0.002468723165344 
20 8 -0.000368927790093 
20 9 -0.005983052731287 
20 10 -0.012031988262226 
20 11 -0.016696450221649 
20 12 -0.019399071950461 
20 13 -0.020653445738258 
20 14 -0.021246155330210 
20 15 -0.021706823652434 
20 16 -0.022395800188885 
20 17 -0.023208112485959 
20 18 -0.014223650519078 
20 19 0.081505322092561 
20 20 0.202367810809332 
20 21 0.089927078482485 
20 22 -0.019106872632685 
20 23 -0.032463754882668 
20 24 -0.032272630915446 
20 25 -0.031232482805636 
20 26 -0.029627405223945 
20 27 -0.027681364506176 
20 28 -0.025338803519330 
20 29 -0.022310187884719 
20 30 -0.018703871121388 
20 31 -0.014307131823176 
20 32 -0.008890768390944 
20 33 -0.002343831904460 
20 34 0.005278199337697 
20 35 0.012241457575764 
20 36 0.015166196990017 
20 37 0.013440809071954 
20 38 0.011654668014470 
20 39 0.012457041784389 
20 40 0.014058781881203 
20 41 0.012940880751664 
20 42 0.008515261811355 
20 43 0.002314586881684 
20 44 -0.003753898948238 
20 45 -0.008500698107153 
20 46 -0.011310245478664 
20 47 -0.012111097183801 
20 48 -0.011695261105293 
20 49 -0.010093932973522 
20 50 -0.007593371853495 
20 51 -0.004327487998873 
20 52 -0.000383086096023 
20 53 0.003374215354369 
20 54 0.006379234516188 
20 55 0.008393767574855 
20 56 0.008951449768919 
20 57 0.008173053937026 
21 0 0.000001511266689 
21 1 0.000196972689278 
21 2 0.002492842241309 
21 3 0.007873312044264 
21 4 0.009513657861671 
21 5 0.006416492995935 
21 6 0.004504584139155 
21 7 0.004088099020831 
21 8 0.001724263245712 
21 9 -0.003634567654849 
21 10 -0.009958392087580 
21 11 -0.015235924449044 
21 12 -0.018546585130339 
21 13 -0.020186270068611 
21 14 -0.020895177582678 
21 15 -0.021434482927257 
21 16 -0.022268088480997 
21 17 -0.023637833462580 
21 18 -0.025415342341844 
21 19 -0.016379424330065 
21 20 0.089927078482485 
21 21 0.226015914168296 
21 22 0.100207591139992 
21 23 -0.022189591070630 
21 24 -0.036828665265416 
21 25 -0.036404019087084 
21 26 -0.035204085930864 
21 27 -0.033436407070865 
21 28 -0.031235757998409 
21 29 -0.028429285797908 
21 30 -0.024917488695420 
21 31 -0.020684347679153 
21 32 -0.015546130363641 
21 33 -0.009392797586205 
21 34 -0.001996962885211 
21 35 0.006312112312758 
21 36 0.013817544565720 
21 37 0.016888686874070 
21 38 0.014841607831911 
21 39 0.012659700857023 
21 40 0.013845833355902 
21 41 0.015631806986739 
21 42 0.014123346358652 
21 43 0.009084309806083 
21 44 0.002459914211713 
21 45 -0.004181207697092 
21 46 -0.009508742882003 
21 47 -0.012611965744516 
21 48 -0.013760622100025 
21 49 -0.013102009842908 
21 50 -0.011141501764323 
21 51 -0.008179065740727 
21 52 -0.004410919087591 
21 53 -0.000141315040693 
21 54 0.003986826419962 
21 55 0.007487343413160 
21 56 0.009261866378096 
21 57 0.009670236463565 
22 0 0.000001204424686 
22 1 0.000167364944410 
22 2 0.002472301556065 
22 3 0.008971513784319 
22 4 0.012264356388308 
22 5 0.008554987752439 
22 6 0.005273315096382 
22 7 0.004942657586911 
22 8 0.003298086307156 
22 9 -0.001505630360884 
22 10 -0.007810264918620 
22 11 -0.013511816375297 
22 12 -0.017300640225592 
22 13 -0.019249584172148 
22 14 -0.020074137178658 
22 15 -0.020672709536641 
22 16 -0.021641185854682 
22 17 -0.023392932682829 
22 18 -0.025840573905912 
22 19 -0.028576910671635 
22 20 -0.019106872632685 
22 21 0.100207591139992 
22 22 0.252893726420381 
22 23 0.111096827159829 
22 24 -0.025587409995919 
22 25 -0.041751601534733 
22 26 -0.041244901043479 
22 27 -0.039884776708442 
22 28 -0.037992559788342 
22 29 -0.035382890152116 
22 30 -0.031902970372951 
22 31 -0.027784838610663 
22 32 -0.022708517474529 
22 33 -0.016563356008380 
22 34 -0.009528630403990 
22 35 -0.001200597915549 
22 36 0.007902388855822 
22 37 0.015682431705190 
22 38 0.018565639644712 
22 39 0.016116322451360 
22 40 0.013974154460752 
22 41 0.015097783282932 
22 42 0.016821845312425 
22 43 0.015108265015503 
22 44 0.009684118337923 
22 45 0.002200821119812 
22 46 -0.005007259024619 
22 47 -0.010829476044046 
22 48 -0.014045121852104 
22 49 -0.015000400477511 
22 50 -0.013969349901217 
22 51 -0.011805942596254 
22 52 -0.008765688430387 
22 53 -0.004548823242604 
22 54 0.000225830772738 
22 55 0.004708874499633 
22 56 0.008069321219933 
22 57 0.010187233995928 
23 0 0.000000644187058 
23 1 0.000111586330744 
23 2 0.002080862245065 
23 3 0.009107055131974 
23 4 0.014501398212131 
23 5 0.010781019274159 
23 6 0.005311503659851 
23 7 0.004386696244781 
23 8 0.004416622945029 
23 9 0.001095344413374 
23 10 -0.004887590861734 
23 11 -0.010889777013893 
23 12 -0.015221233984319 
23 13 -0.017499563711680 
23 14 -0.018512314819245 
23 15 -0.019204095101902 
23 16 -0.020376243456892 
23 17 -0.022430107250251 
23 18 -0.025322261260142 
23 19 -0.028706002444985 
23 20 -0.032463754882668 
23 21 -0.022189591070630 
23 22 0.111096827159829 
23 23 0.279976073497675 
23 24 0.121417483621240 
23 25 -0.029491506432658 
23 26 -0.047107477525398 
23 27 -0.046487411581396 
23 28 -0.044923061816377 
23 29 -0.042466393970337 
23 30 -0.039099231185147 
23 31 -0.035089348039223 
23 32 -0.030199442511179 
23 33 -0.024127669296102 
23 34 -0.017249091126190 
23 35 -0.009181345641198 
23 36 -0.000024462091775 
23 37 0.009462203460301 
23 38 0.017491292327615 
23 39 0.020088274096988 
23 40 0.017211431633622 
23 41 0.014675603777847 
23 42 0.015956714895016 
23 43 0.017794685538529 
23 44 0.015991269609655 
23 45 0.009924348458874 
23 46 0.002061958651471 
23 47 -0.005759635670993 
23 48 -0.011785546853878 
23 49 -0.015095064326610 
23 50 -0.015990083568392 
23 51 -0.014945043164729 
23 52 -0.012664689287922 
23 53 -0.009276468234647 
23 54 -0.004552506807639 
23 55 0.000534976908283 
23 56 0.005207062773857 
23 57 0.009025713184105 
24 0 0.000000003661679 
24 1 0.000042338281741 
24 2 0.001364284977467 
24 3 0.007865210537862 
24 4 0.015104079326868 
24 5 0.012653028388829 
24 6 0.005452446242973 
24 7 0.002400552935060 
24 8 0.003816463688182 
24 9 0.004009996359734 
24 10 -0.000413327672907 
24 11 -0.006739335514114 
24 12 -0.011845203768156 
24 13 -0.014650923178264 
24 14 -0.015996507040361 
24 15 -0.017123113565349 
24 16 -0.018642692497146 
24 17 -0.021036786835093 
24 18 -0.024210087175057 
24 19 -0.027982381991092 
24 20 -0.032272630915446 
24 21 -0.036828665265416 
24 22 -0.025587409995919 
24 23 0.121417483621240 
24 24 0.305604437687771 
24 25 0.130625667709930 
24 26 -0.033661543926088 
24 27 -0.052473311181119 
24 28 -0.051331050593905 
24 29 -0.049159158303123 
24 30 -0.046013491026926 
24 31 -0.042180051774182 
24 32 -0.037533112371956 
24 33 -0.031836470433759 
24 34 -0.025110981618559 
24 35 -0.017299574594932 
24 36 -0.008614783654614 
24 37 0.000786102972682 
24 38 0.010518093876219 
24 39 0.018585583266163 
24 40 0.021005114167873 
24 41 0.017841229350476 
24 42 0.015195738491933 
24 43 0.016387464064335 
24 44 0.018196623729246 
24 45 0.016417406821625 
24 46 0.010422041971468 
24 47 0.002203895620348 
24 48 -0.006047232774555 
24 49 -0.012252049288403 
24 50 -0.015851456967883 
24 51 -0.016781712927316 
24 52 -0.015721126173696 
24 53 -0.013398327324869 
24 54 -0.009296208870926 
24 55 -0.004508531356034 
24 56 0.000747432043948 
24 57 0.005687852652817 
25 0 -0.000000540383479 
25 1 -0.000031184232660 
25 2 0.000450271640642 
25 3 0.005266111998816 
25 4 0.013103066096636 
25 5 0.012950797612506 
25 6 0.006104171251823 
25 7 0.001039076827866 
25 8 0.001373175219547 
25 9 0.005081908329495 
25 10 0.004934560394909 
25 11 -0.000484595695364 
25 12 -0.006432320947975 
25 13 -0.010359365572711 
25 14 -0.012694622692712 
25 15 -0.014519494819133 
25 16 -0.016534581122143 
25 17 -0.019254224917974 
25 18 -0.022649129863285 
25 19 -0.026652283029209 
25 20 -0.031232482805636 
25 21 -0.036404019087084 
25 22 -0.041751601534733 
25 23 -0.029491506432658 
25 24 0.130625667709930 
25 25 0.328069646278055 
25 26 0.137968047964829 
25 27 -0.037333898003426 
25 28 -0.056495711773361 
25 29 -0.054892710969540 
25 30 -0.052036021760707 
25 31 -0.048449739831040 
25 32 -0.044054518776851 
25 33 -0.038787021308772 
25 34 -0.032591401666410 
25 35 -0.025455732205372 
25 36 -0.017477431621611 
25 37 -0.008578045034442 
25 38 0.001092688150249 
25 39 0.010989405835789 
25 40 0.019215166988887 
25 41 0.021773660792968 
25 42 0.018257019153558 
25 43 0.015010717951370 
25 44 0.016090808653531 
25 45 0.018514534873717 
25 46 0.017098114677018 
25 47 0.010914307089611 
25 48 0.002303454234168 
25 49 -0.006013169523662 
25 50 -0.012461635450161 
25 51 -0.016249445795263 
25 52 -0.017227178645261 
25 53 -0.016306492783233 
25 54 -0.013609483067646 
25 55 -0.009684260557970 
25 56 -0.004472429618520 
25 57 0.001023490447648 
26 0 -0.000001309102798 
26 1 -0.000107650860259 
26 2 -0.000549629670435 
26 3 0.001820327491594 
26 4 0.008732800427993 
26 5 0.010845669687313 
26 6 0.006387854315645 
26 7 0.001567794727856 
26 8 -0.000116631437576 
26 9 0.003336162941055 
26 10 0.007875777072344 
26 11 0.006888112417017 
26 12 0.001287246525754 
26 13 -0.004295133847081 
26 14 -0.008236242060328 
26 15 -0.011204612726611 
26 16 -0.014074998030830 
26 17 -0.017262828284255 
26 18 -0.020828229673060 
26 19 -0.024886742671640 
26 20 -0.029627405223945 
26 21 -0.035204085930864 
26 22 -0.041244901043479 
26 23 -0.047107477525398 
26 24 -0.033661543926088 
26 25 0.137968047964829 
26 26 0.346972888790808 
26 27 0.144547137228499 
26 28 -0.039433071811935 
26 29 -0.058982078576480 
26 30 -0.056717926657928 
26 31 -0.053420925399892 
26 32 -0.049489266741031 
26 33 -0.044773373952212 
26 34 -0.039421399682922 
26 35 -0.033243651440931 
26 36 -0.026250824735459 
26 37 -0.018210288308102 
26 38 -0.009089972138947 
26 39 0.000742898757048 
26 40 0.011132902387474 
26 41 0.019923131278071 
26 42 0.022390340117546 
26 43 0.018632109904068 
26 44 0.015019594417816 
26 45 0.016002994902557 
26 46 0.018598640452355 
26 47 0.017368209183764 
26 48 0.011218703681283 
26 49 0.002552878711304 
26 50 -0.005991412257154 
26 51 -0.012566230380307 
26 52 -0.016391103408125 
26 53 -0.017561426187039 
26 54 -0.016394873308181 
26 55 -0.013900278191183 
26 56 -0.009883784683205 
26 57 -0.004787827236555 
27 0 -0.000001785656258 
27 1 -0.000165803073841 
27 2 -0.001508592770581 
27 3 -0.001931814558981 
27 4 0.002969228894099 
27 5 0.006684400722209 
27 6 0.005362037371259 
27 7 0.002910028353404 
27 8 0.001135254189532 
27 9 0.001930604114325 
27 10 0.006920392608820 
27 11 0.011399873765024 
27 12 0.009690407515228 
27 13 0.003641502784147 
27 14 -0.002225893105264 
27 15 -0.006946701866351 
27 16 -0.011015149770483 
27 17 -0.014855131407150 
27 18 -0.018673433107380 
27 19 -0.022854730149836 
27 20 -0.027681364506176 
27 21 -0.033436407070865 
27 22 -0.039884776708442 
27 23 -0.046487411581396 
27 24 -0.052473311181119 
27 25 -0.037333898003426 
27 26 0.144547137228499 
27 27 0.362822001583885 
27 28 0.150816479983760 
27 29 -0.039868058857044 
27 30 -0.059512142859311 
27 31 -0.056802633870189 
27 32 -0.053567836786027 
27 33 -0.049900387596690 
27 34 -0.045382910678939 
27 35 -0.040176732099815 
27 36 -0.034325917033497 
27 37 -0.027436256714828 
27 38 -0.019247032004724 
27 39 -0.010043917382287 
27 40 0.000181646704022 
27 41 0.010974723256416 
27 42 0.020004797755556 
27 43 0.022970811943313 
27 44 0.019060348499562 
27 45 0.015015598504596 
27 46 0.016089430298307 
27 47 0.018903993314985 
27 48 0.017802926918989 
27 49 0.011838691989012 
27 50 0.003085650277375 
27 51 -0.005729572974341 
27 52 -0.012616674436698 
27 53 -0.016568389305886 
27 54 -0.017818265881598 
27 55 -0.016650220868399 
27 56 -0.014192886904381 
27 57 -0.010474138739753 
28 0 -0.000001884670902 
28 1 -0.000204367321991 
28 2 -0.002290425975708 
28 3 -0.005562170034352 
28 4 -0.003181857542582 
28 5 0.001582386720607 
28 6 0.003107045016350 
28 7 0.003527343173302 
28 8 0.003969110511183 
28 9 0.003926345823608 
28 10 0.005717500704590 
28 11 0.010919548262340 
28 12 0.014536221100936 
28 13 0.011653147663086 
28 14 0.004939971691136 
28 15 -0.001633039955582 
28 16 -0.007223159793114 
28 17 -0.011947162138760 
28 18 -0.016042958120817 
28 19 -0.020387243843519 
28 20 -0.025338803519330 
28 21 -0.031235757998409 
28 22 -0.037992559788342 
28 23 -0.044923061816377 
28 24 -0.051331050593905 
28 25 -0.056495711773361 
28 26 -0.039433071811935 
28 27 0.150816479983760 
28 28 0.376975994543504 
28 29 0.157426810300099 
28 30 -0.038757447555963 
28 31 -0.058796458749132 
28 32 -0.056425270897527 
28 33 -0.053749904249517 
28 34 -0.050460704827007 
28 35 -0.046426385500624 
28 36 -0.041595898671868 
28 37 -0.036005560252252 
28 38 -0.029109721610826 
28 39 -0.020783695944913 
28 40 -0.011271088711388 
28 41 -0.000794757106118 
28 42 0.010631674022769 
28 43 0.020389089576495 
28 44 0.023712096163408 
28 45 0.019692603413553 
28 46 0.015452772919329 
28 47 0.016509836992289 
28 48 0.019453467195922 
28 49 0.018493262456715 
28 50 0.012450212182526 
28 51 0.003382571000992 
28 52 -0.005482373589376 
28 53 -0.012506442853156 
28 54 -0.017012228780000 
28 55 -0.018141772355975 
28 56 -0.017278891949080 
28 57 -0.014660348541544 
29 0 -0.000001733435294 
29 1 -0.000217219408196 
29 2 -0.002742076442710 
29 3 -0.008314064104618 
29 4 -0.008686472091426 
29 5 -0.003534914315900 
29 6 0.000225941261766 
29 7 0.002698428316177 
29 8 0.005649599329962 
29 9 0.007477119296658 
29 10 0.007586590883426 
29 11 0.009398519751191 
29 12 0.013817640174657 
29 13 0.016032394944850 
29 14 0.012079319035422 
29 15 0.004707844307655 
29 16 -0.002484411835079 
29 17 -0.008232209856364 
29 18 -0.012740808179863 
29 19 -0.017208638510662 
29 20 -0.022310187884719 
29 21 -0.028429285797908 
29 22 -0.035382890152116 
29 23 -0.042466393970337 
29 24 -0.049159158303123 
29 25 -0.054892710969540 
29 26 -0.058982078576480 
29 27 -0.039868058857044 
29 28 0.157426810300099 
29 29 0.389666797156350 
29 30 0.164028365128271 
29 31 -0.037070218928294 
29 32 -0.058109735525217 
29 33 -0.056510915094038 
29 34 -0.054442596724119 
29 35 -0.051731656931612 
29 36 -0.048153477470490 
29 37 -0.043755344317759 
29 38 -0.038076499095751 
29 39 -0.030708950373813 
29 40 -0.022302347637612 
29 41 -0.012276427821102 
29 42 -0.001173385857785 
29 43 0.010535088708999 
29 44 0.021034288455116 
29 45 0.025019574485625 
29 46 0.020876666133839 
29 47 0.016400479594882 
29 48 0.017407553300701 
29 49 0.020078440025086 
29 50 0.019261407769336 
29 51 0.012993074150706 
29 52 0.003721335408420 
29 53 -0.005695469664348 
29 54 -0.013258487399464 
29 55 -0.017716608671610 
29 56 -0.019159104300622 
29 57 -0.018080832300374 
30 0 -0.000001715813134 
30 1 -0.000203103683970 
30 2 -0.002817260117493 
30 3 -0.009750100417863 
30 4 -0.012573046318160 
30 5 -0.007687475328945 
30 6 -0.002518214872547 
30 7 0.001004268888078 
30 8 0.005231848539655 
30 9 0.009295464994492 
30 10 0.010961042877327 
30 11 0.010578349210753 
30 12 0.011626332618707 
30 13 0.014711296702556 
30 14 0.015232231435349 
30 15 0.010679275837751 
30 16 0.003309623630036 
30 17 -0.003387672150313 
30 18 -0.008567561176815 
30 19 -0.013325513520812 
30 20 -0.018703871121388 
30 21 -0.024917488695420 
30 22 -0.031902970372951 
30 23 -0.039099231185147 
30 24 -0.046013491026926 
30 25 -0.052036021760707 
30 26 -0.056717926657928 
30 27 -0.059512142859311 
30 28 -0.038757447555963 
30 29 0.164028365128271 
30 30 0.401789700587315 
30 31 0.170454269791436 
30 32 -0.036062965605757 
30 33 -0.058496453777309 
30 34 -0.057706675684110 
30 35 -0.056289265636115 
30 36 -0.053833110148543 
30 37 -0.050453731498472 
30 38 -0.045905672334573 
30 39 -0.039783417398553 
30 40 -0.032420210953183 
30 41 -0.023401818268476 
30 42 -0.013255379366488 
30 43 -0.001566531794374 
30 44 0.010992146113897 
30 45 0.022467563438358 
30 46 0.026677979381756 
30 47 0.022349124064877 
30 48 0.017691621126685 
30 49 0.018257408551834 
30 50 0.021130255193112 
30 51 0.019947498768036 
30 52 0.012964266116344 
30 53 0.003435764156653 
30 54 -0.006336246725955 
30 55 -0.014074614661552 
30 56 -0.018617032106360 
30 57 -0.020180005824924 
31 0 -0.000001256735787 
31 1 -0.000162950551489 
31 2 -0.002515679718427 
31 3 -0.009739081797038 
31 4 -0.014326168491030 
31 5 -0.010352704061649 
31 6 -0.004549358315698 
31 7 -0.000848198984802 
31 8 0.003287388904468 
31 9 0.008286007931760 
31 10 0.012107395312037 
31 11 0.012906640433778 
31 12 0.011845632099523 
31 13 0.011899534669008 
31 14 0.013464922215685 
31 15 0.013344899304594 
31 16 0.009065928932793 
31 17 0.002672191797151 
31 18 -0.003268644372988 
31 19 -0.008632162413070 
31 20 -0.014307131823176 
31 21 -0.020684347679153 
31 22 -0.027784838610663 
31 23 -0.035089348039223 
31 24 -0.042180051774182 
31 25 -0.048449739831040 
31 26 -0.053420925399892 
31 27 -0.056802633870189 
31 28 -0.058796458749132 
31 29 -0.037070218928294 
31 30 0.170454269791436 
31 31 0.413696006418215 
31 32 0.176332401085113 
31 33 -0.036196183948115 
31 34 -0.060155753222594 
31 35 -0.060122664027350 
31 36 -0.058886098098762 
31 37 -0.056433595799329 
31 38 -0.052926380976854 
31 39 -0.048131386601928 
31 40 -0.041584189600258 
31 41 -0.033698249025723 
31 42 -0.024479877690169 
31 43 -0.013593316668380 
31 44 -0.001508862965637 
31 45 0.011860890111327 
31 46 0.023772207490123 
31 47 0.028203581577022 
31 48 0.023955682320612 
31 49 0.018816437979404 
31 50 0.019149940295822 
31 51 0.021822971447264 
31 52 0.020318495954486 
31 53 0.013282122226807 
31 54 0.003081075120261 
31 55 -0.007015652556927 
31 56 -0.014966769795528 
31 57 -0.019696094825988 
32 0 -0.000000459683229 
32 1 -0.000096823365927 
32 2 -0.001873356345995 
32 3 -0.008335941662426 
32 4 -0.013800721249234 
32 5 -0.011218927999922 
32 6 -0.005669993962460 
32 7 -0.002298869583871 
32 8 0.000818823163828 
32 9 0.005224843330841 
32 10 0.009865949776801 
32 11 0.012902013972689 
32 12 0.013053119552469 
32 13 0.011250699394169 
32 14 0.010480730134277 
32 15 0.011576266740000 
32 16 0.011779324408172 
32 17 0.008614230861839 
32 18 0.003227724386996 
32 19 -0.002690352879254 
32 20 -0.008890768390944 
32 21 -0.015546130363641 
32 22 -0.022708517474529 
32 23 -0.030199442511179 
32 24 -0.037533112371956 
32 25 -0.044054518776851 
32 26 -0.049489266741031 
32 27 -0.053567836786027 
32 28 -0.056425270897527 
32 29 -0.058109735525217 
32 30 -0.036062965605757 
32 31 0.176332401085113 
32 32 0.425688418406610 
32 33 0.181727801671936 
32 34 -0.037778175411369 
32 35 -0.063130424823161 
32 36 -0.063154069839679 
32 37 -0.061647572324952 
32 38 -0.059114716223261 
32 39 -0.055206866106237 
32 40 -0.049685837484771 
32 41 -0.042817919894735 
32 42 -0.034628066171908 
32 43 -0.025028130248919 
32 44 -0.013911051665764 
32 45 -0.001147134389325 
32 46 0.012520811976372 
32 47 0.024829785614605 
32 48 0.029688439301803 
32 49 0.025145930856846 
32 50 0.019736607786134 
32 51 0.020011301370575 
32 52 0.022695708961446 
32 53 0.020943775029685 
32 54 0.013210770205332 
32 55 0.002575294811294 
32 56 -0.008034951020403 
32 57 -0.016169229934974 
33 0 0.000000457675539 
33 1 -0.000022229623811 
33 2 -0.001026797358107 
33 3 -0.005937307907207 
33 4 -0.011384347850123 
33 5 -0.010305028755260 
33 6 -0.005868879648522 
33 7 -0.003172695995246 
33 8 -0.001423592410114 
33 9 0.001399201429942 
33 10 0.005501288569587 
33 11 0.009700722131239 
33 12 0.012036764218410 
33 13 0.011581636143677 
33 14 0.009728429845896 
33 15 0.008953969017568 
33 16 0.010253073685979 
33 17 0.011539858523276 
33 18 0.009585406935481 
33 19 0.004331960565701 
33 20 -0.002343831904460 
33 21 -0.009392797586205 
33 22 -0.016563356008380 
33 23 -0.024127669296102 
33 24 -0.031836470433759 
33 25 -0.038787021308772 
33 26 -0.044773373952212 
33 27 -0.049900387596690 
33 28 -0.053749904249517 
33 29 -0.056510915094038 
33 30 -0.058496453777309 
33 31 -0.036196183948115 
33 32 0.181727801671936 
33 33 0.439201828013428 
33 34 0.187234799343830 
33 35 -0.040374859470212 
33 36 -0.066665976450435 
33 37 -0.066307526607516 
33 38 -0.064557372626556 
33 39 -0.061446724328702 
33 40 -0.057098335502126 
33 41 -0.051396247152902 
33 42 -0.044272788920952 
33 43 -0.035531380689021 
33 44 -0.025364748479682 
33 45 -0.013843191402140 
33 46 -0.000830876894290 
33 47 0.013234255749818 
33 48 0.026034645962248 
33 49 0.030791741779606 
33 50 0.026105178965867 
33 51 0.020601943862929 
33 52 0.021058423243625 
33 53 0.023490633825819 
33 54 0.021207469556199 
33 55 0.013200580561134 
33 56 0.002165695142738 
33 57 -0.008625440821292 
34 0 0.000000918630587 
34 1 0.000043467663057 
34 2 -0.000099737825762 
34 3 -0.002946895270219 
34 4 -0.007845626877815 
34 5 -0.008211914605220 
34 6 -0.005190935073159 
34 7 -0.003414813290350 
34 8 -0.003098988641938 
34 9 -0.002142381280072 
34 10 0.000528811629140 
34 11 0.004470942262326 
34 12 0.008154462532408 
34 13 0.010150944627331 
34 14 0.010125755068617 
34 15 0.008750261014162 
34 16 0.008316448702169 
34 17 0.010429926711849 
34 18 0.012542728876889 
34 19 0.010915238842206 
34 20 0.005278199337697 
34 21 -0.001996962885211 
34 22 -0.009528630403990 
34 23 -0.017249091126190 
34 24 -0.025110981618559 
34 25 -0.032591401666410 
34 26 -0.039421399682922 
34 27 -0.045382910678939 
34 28 -0.050460704827007 
34 29 -0.054442596724119 
34 30 -0.057706675684110 
34 31 -0.060155753222594 
34 32 -0.037778175411369 
34 33 0.187234799343830 
34 34 0.454460127769695 
34 35 0.193429804084881 
34 36 -0.042807066812321 
34 37 -0.069689022956784 
34 38 -0.069252765081169 
34 39 -0.067303493596125 
34 40 -0.063917566735965 
34 41 -0.059315617217257 
34 42 -0.053195654495810 
34 43 -0.045418302484070 
34 44 -0.036441079802809 
34 45 -0.026063502673982 
34 46 -0.014121000668535 
34 47 -0.000788462565135 
34 48 0.013698091863577 
34 49 0.026821521988783 
34 50 0.031691870278660 
34 51 0.027302659628330 
34 52 0.021817133283516 
34 53 0.021962684500172 
34 54 0.024079239965391 
34 55 0.021750709528516 
34 56 0.013689593205041 
34 57 0.002425718333231 
35 0 0.000001012505644 
35 1 0.000101448301017 
35 2 0.000776462081419 
35 3 0.000158024328150 
35 4 -0.003736058705131 
35 5 -0.005438919781680 
35 6 -0.003954399593894 
35 7 -0.003195419978489 
35 8 -0.003989674534900 
35 9 -0.004632679708516 
35 10 -0.003755797360235 
35 11 -0.001093830220459 
35 12 0.002537040540009 
35 13 0.006215806356795 
35 14 0.008937976175252 
35 15 0.009553789142951 
35 16 0.008746405252116 
35 17 0.008798792210350 
35 18 0.011248179180201 
35 19 0.013829899583447 
35 20 0.012241457575764 
35 21 0.006312112312758 
35 22 -0.001200597915549 
35 23 -0.009181345641198 
35 24 -0.017299574594932 
35 25 -0.025455732205372 
35 26 -0.033243651440931 
35 27 -0.040176732099815 
35 28 -0.046426385500624 
35 29 -0.051731656931612 
35 30 -0.056289265636115 
35 31 -0.060122664027350 
35 32 -0.063130424823161 
35 33 -0.040374859470212 
35 34 0.193429804084881 
35 35 0.471929070276720 
35 36 0.201033624944360 
35 37 -0.045005222111399 
35 38 -0.073045977403421 
35 39 -0.072290321119392 
35 40 -0.069935654455633 
35 41 -0.066372585507808 
35 42 -0.061331103827855 
35 43 -0.054778624639479 
35 44 -0.046946765273864 
35 45 -0.037702498639572 
35 46 -0.026937365447523 
35 47 -0.014602917957106 
35 48 -0.001025978693346 
35 49 0.014089873194954 
35 50 0.027450070786018 
35 51 0.032718496180287 
35 52 0.027940113955702 
35 53 0.022430844517752 
35 54 0.022793905571948 
35 55 0.025173847316625 
35 56 0.023091802701903 
35 57 0.014385112246218 
36 0 0.000001327771435 
36 1 0.000142285405540 
36 2 0.001434372511909 
36 3 0.002796324445591 
36 4 0.000259459144041 
36 5 -0.002423304421600 
36 6 -0.002498489859600 
36 7 -0.002650324004112 
36 8 -0.004229771241119 
36 9 -0.006018965575281 
36 10 -0.006720253103777 
36 11 -0.005677608741656 
36 12 -0.003027725877732 
36 13 0.000886730682149 
36 14 0.005323207702330 
36 15 0.008749922758519 
36 16 0.010191560200696 
36 17 0.009612503392336 
36 18 0.009613265418273 
36 19 0.012317786481307 
36 20 0.015166196990017 
36 21 0.013817544565720 
36 22 0.007902388855822 
36 23 -0.000024462091775 
36 24 -0.008614783654614 
36 25 -0.017477431621611 
36 26 -0.026250824735459 
36 27 -0.034325917033497 
36 28 -0.041595898671868 
36 29 -0.048153477470490 
36 30 -0.053833110148543 
36 31 -0.058886098098762 
36 32 -0.063154069839679 
36 33 -0.066665976450435 
36 34 -0.042807066812321 
36 35 0.201033624944360 
36 36 0.492222763369377 
36 37 0.209614173017889 
36 38 -0.047475773296739 
36 39 -0.076591383927013 
36 40 -0.075537772547739 
36 41 -0.072991591207386 
36 42 -0.068961753018071 
36 43 -0.063434156533752 
36 44 -0.056499246763985 
36 45 -0.048598371384317 
36 46 -0.039027349803534 
36 47 -0.027947771127147 
36 48 -0.015377257928472 
36 49 -0.001112915684162 
36 50 0.014366735763270 
36 51 0.028106481309409 
36 52 0.033236872081319 
36 53 0.028529588169477 
36 54 0.023318254333047 
36 55 0.023958021632068 
36 56 0.026798940455498 
36 57 0.024246702106793 
37 0 0.000001679823601 
37 1 0.000162940241000 
37 2 0.001844687424923 
37 3 0.004703974671866 
37 4 0.003556837841087 
37 5 0.000409396209853 
37 6 -0.000870432117173 
37 7 -0.001841594044076 
37 8 -0.004019046230854 
37 9 -0.006519079678540 
37 10 -0.008217419941360 
37 11 -0.008538436898388 
37 12 -0.007190688119361 
37 13 -0.004159715716220 
37 14 0.000464417127945 
37 15 0.005489312553158 
37 16 0.009664944839765 
37 17 0.011233969108041 
37 18 0.010513446308979 
37 19 0.010554756642882 
37 20 0.013440809071954 
37 21 0.016888686874070 
37 22 0.015682431705190 
37 23 0.009462203460301 
37 24 0.000786102972682 
37 25 -0.008578045034442 
37 26 -0.018210288308102 
37 27 -0.027436256714828 
37 28 -0.036005560252252 
37 29 -0.043755344317759 
37 30 -0.050453731498472 
37 31 -0.056433595799329 
37 32 -0.061647572324952 
37 33 -0.066307526607516 
37 34 -0.069689022956784 
37 35 -0.045005222111399 
37 36 0.209614173017889 
37 37 0.514996874671827 
37 38 0.219406136758172 
37 39 -0.050048066566966 
37 40 -0.080455687041590 
37 41 -0.079322828294021 
37 42 -0.076297076909051 
37 43 -0.071811134329984 
37 44 -0.065991271775550 
37 45 -0.058967536053626 
37 46 -0.050481516418724 
37 47 -0.040533608401437 
37 48 -0.029234645506632 
37 49 -0.016216044429121 
37 50 -0.001268514732824 
37 51 0.014577260493527 
37 52 0.029051234341484 
37 53 0.034434472205867 
37 54 0.029656171004087 
37 55 0.024233637153857 
37 56 0.025331445167161 
37 57 0.027903302232600 
38 0 0.000001349782515 
38 1 0.000156290662069 
38 2 0.001945348689710 
38 3 0.005768486072636 
38 4 0.005956352322421 
38 5 0.002685399228139 
38 6 0.000683614604741 
38 7 -0.000652741476932 
38 8 -0.003153739679799 
38 9 -0.006209619613045 
38 10 -0.008629404476524 
38 11 -0.009872964872465 
38 12 -0.009800844232957 
38 13 -0.007938444922690 
38 14 -0.004168549740799 
38 15 0.000962638810628 
38 16 0.006694663807941 
38 17 0.010845274765595 
38 18 0.012038203364008 
38 19 0.011402750193364 
38 20 0.011654668014470 
38 21 0.014841607831911 
38 22 0.018565639644712 
38 23 0.017491292327615 
38 24 0.010518093876219 
38 25 0.001092688150249 
38 26 -0.009089972138947 
38 27 -0.019247032004724 
38 28 -0.029109721610826 
38 29 -0.038076499095751 
38 30 -0.045905672334573 
38 31 -0.052926380976854 
38 32 -0.059114716223261 
38 33 -0.064557372626556 
38 34 -0.069252765081169 
38 35 -0.073045977403421 
38 36 -0.047475773296739 
38 37 0.219406136758172 
38 38 0.539583521161380 
38 39 0.229744563626434 
38 40 -0.052641699009033 
38 41 -0.084492159115049 
38 42 -0.082917228172154 
38 43 -0.079754153261968 
38 44 -0.075287955687642 
38 45 -0.069187795983316 
38 46 -0.061711601781923 
38 47 -0.052604454235668 
38 48 -0.042313944725588 
38 49 -0.030463810864028 
38 50 -0.016741087633380 
38 51 -0.001547016698678 
38 52 0.015087413473116 
38 53 0.030012856978992 
38 54 0.035869498426798 
38 55 0.030919467305425 
38 56 0.025471108359726 
38 57 0.026275266080900 
39 0 0.000001258166792 
39 1 0.000133259443538 
39 2 0.001797331976796 
39 3 0.005901912705578 
39 4 0.007039335513376 
39 5 0.004166549944814 
39 6 0.001993989622499 
39 7 0.000797450737418 
39 8 -0.001647960560661 
39 9 -0.005177689261836 
39 10 -0.008060720589649 
39 11 -0.009885336469051 
39 12 -0.010671945281999 
39 13 -0.010014094108691 
39 14 -0.007674905574100 
39 15 -0.003442047704277 
39 16 0.002177987757252 
39 17 0.007678092194046 
39 18 0.011454521339546 
39 19 0.012958527530808 
39 20 0.012457041784389 
39 21 0.012659700857023 
39 22 0.016116322451360 
39 23 0.020088274096988 
39 24 0.018585583266163 
39 25 0.010989405835789 
39 26 0.000742898757048 
39 27 -0.010043917382287 
39 28 -0.020783695944913 
39 29 -0.030708950373813 
39 30 -0.039783417398553 
39 31 -0.048131386601928 
39 32 -0.055206866106237 
39 33 -0.061446724328702 
39 34 -0.067303493596125 
39 35 -0.072290321119392 
39 36 -0.076591383927013 
39 37 -0.050048066566966 
39 38 0.229744563626434 
39 39 0.565314135174681 
39 40 0.240423281053612 
39 41 -0.055669327105926 
39 42 -0.088738620894444 
39 43 -0.087061359297724 
39 44 -0.083709304083316 
39 45 -0.078840549828627 
39 46 -0.072256412695731 
39 47 -0.064142674180212 
39 48 -0.054859305935142 
39 49 -0.043892728317739 
39 50 -0.031415882781217 
39 51 -0.017420903001227 
39 52 -0.001613323043398 
39 53 0.015951469577472 
39 54 0.031579262036442 
39 55 0.037304860428674 
39 56 0.032042700683715 
39 57 0.026164857670670 
40 0 0.000000477442005 
40 1 0.000090300596874 
40 2 0.001408251943512 
40 3 0.005211594785491 
40 4 0.007101097931244 
40 5 0.004973224791128 
40 6 0.002941645521972 
40 7 0.002088046694173 
40 8 0.000238336285466 
40 9 -0.003298308334091 
40 10 -0.006679508332942 
40 11 -0.009058457508514 
40 12 -0.010274656583685 
40 13 -0.010555566144198 
40 14 -0.009542809184798 
40 15 -0.006840871900136 
40 16 -0.002484622184186 
40 17 0.002701658353311 
40 18 0.007812495719796 
40 19 0.012079180189587 
40 20 0.014058781881203 
40 21 0.013845833355902 
40 22 0.013974154460752 
40 23 0.017211431633622 
40 24 0.021005114167873 
40 25 0.019215166988887 
40 26 0.011132902387474 
40 27 0.000181646704022 
40 28 -0.011271088711388 
40 29 -0.022302347637612 
40 30 -0.032420210953183 
40 31 -0.041584189600258 
40 32 -0.049685837484771 
40 33 -0.057098335502126 
40 34 -0.063917566735965 
40 35 -0.069935654455633 
40 36 -0.075537772547739 
40 37 -0.080455687041590 
40 38 -0.052641699009033 
40 39 0.240423281053612 
40 40 0.592121979355002 
40 41 0.251283581790422 
40 42 -0.058783343348705 
40 43 -0.093518214983556 
40 44 -0.091500148380751 
40 45 -0.087588249598936 
40 46 -0.082202224784866 
40 47 -0.075242972908067 
40 48 -0.066908394246421 
40 49 -0.056948829196963 
40 50 -0.045577731731180 
40 51 -0.032801942671702 
40 52 -0.017917200183535 
40 53 -0.001295898735807 
40 54 0.017063369643959 
40 55 0.033019114426018 
40 56 0.038589483630168 
40 57 0.033067671396612 
41 0 -0.000000008850568 
41 1 0.000039624239514 
41 2 0.000897397894113 
41 3 0.004026889229708 
41 4 0.006424893082257 
41 5 0.005169069479261 
41 6 0.003411100124158 
41 7 0.003056158012000 
41 8 0.002090806257400 
41 9 -0.000912464527746 
41 10 -0.004504119969490 
41 11 -0.007396263334724 
41 12 -0.009142620791619 
41 13 -0.010044435948282 
41 14 -0.010034802194476 
41 15 -0.008833903375177 
41 16 -0.006319078947192 
41 17 -0.002390527607917 
41 18 0.002532894081605 
41 19 0.007965304235709 
41 20 0.012940880751664 
41 21 0.015631806986739 
41 22 0.015097783282932 
41 23 0.014675603777847 
41 24 0.017841229350476 
41 25 0.021773660792968 
41 26 0.019923131278071 
41 27 0.010974723256416 
41 28 -0.000794757106118 
41 29 -0.012276427821102 
41 30 -0.023401818268476 
41 31 -0.033698249025723 
41 32 -0.042817919894735 
41 33 -0.051396247152902 
41 34 -0.059315617217257 
41 35 -0.066372585507808 
41 36 -0.072991591207386 
41 37 -0.079322828294021 
41 38 -0.084492159115049 
41 39 -0.055669327105926 
41 40 0.251283581790422 
41 41 0.619089790968572 
41 42 0.262216104415243 
41 43 -0.062353515274559 
41 44 -0.098079474738353 
41 45 -0.095626251754123 
41 46 -0.091273322328188 
41 47 -0.085439600074019 
41 48 -0.078191828228648 
41 49 -0.069183655338545 
41 50 -0.058902365649204 
41 51 -0.047043002948193 
41 52 -0.033709847523286 
41 53 -0.018584234776988 
41 54 -0.001188942108657 
41 55 0.017703448283071 
41 56 0.034010020943679 
41 57 0.040031031168036 
42 0 -0.000000141629478 
42 1 0.000001295936772 
42 2 0.000384543082127 
42 3 0.002594058051630 
42 4 0.005139362808583 
42 5 0.004694382454788 
42 6 0.003325495952419 
42 7 0.003418150684608 
42 8 0.003487849179558 
42 9 0.001693665428868 
42 10 -0.001588422267883 
42 11 -0.004884375410414 
42 12 -0.007303508190256 
42 13 -0.008698457850338 
42 14 -0.009451188623140 
42 15 -0.009544697045777 
42 16 -0.008612813752305 
42 17 -0.006287570901025 
42 18 -0.002606496929865 
42 19 0.002340966502444 
42 20 0.008515261811355 
42 21 0.014123346358652 
42 22 0.016821845312425 
42 23 0.015956714895016 
42 24 0.015195738491933 
42 25 0.018257019153558 
42 26 0.022390340117546 
42 27 0.020004797755556 
42 28 0.010631674022769 
42 29 -0.001173385857785 
42 30 -0.013255379366488 
42 31 -0.024479877690169 
42 32 -0.034628066171908 
42 33 -0.044272788920952 
42 34 -0.053195654495810 
42 35 -0.061331103827855 
42 36 -0.068961753018071 
42 37 -0.076297076909051 
42 38 -0.082917228172154 
42 39 -0.088738620894444 
42 40 -0.058783343348705 
42 41 0.262216104415243 
42 42 0.646944482267304 
42 43 0.273097822757609 
42 44 -0.065671310269719 
42 45 -0.102704985156255 
42 46 -0.099817944127809 
42 47 -0.095150455142243 
42 48 -0.088800101007653 
42 49 -0.081048602083777 
42 50 -0.071798203982741 
42 51 -0.060864261430377 
42 52 -0.049025790935233 
42 53 -0.035061180165208 
42 54 -0.018961289428010 
42 55 -0.000872401046349 
42 56 0.018473113644606 
42 57 0.035385808152211 
43 0 -0.000000688869633 
43 1 -0.000043706203312 
43 2 -0.000174213772867 
43 3 0.000978665454850 
43 4 0.003478937144219 
43 5 0.003822301805865 
43 6 0.002767045993996 
43 7 0.003112372572744 
43 8 0.004113607606273 
43 9 0.003802835390528 
43 10 0.001548573425277 
43 11 -0.001635507801944 
43 12 -0.004612592239577 
43 13 -0.006697135527757 
43 14 -0.008067090112454 
43 15 -0.009031372167290 
43 16 -0.009413907070156 
43 17 -0.008758268391898 
43 18 -0.006734328195188 
43 19 -0.003329099073688 
43 20 0.002314586881684 
43 21 0.009084309806083 
43 22 0.015108265015503 
43 23 0.017794685538529 
43 24 0.016387464064335 
43 25 0.015010717951370 
43 26 0.018632109904068 
43 27 0.022970811943313 
43 28 0.020389089576495 
43 29 0.010535088708999 
43 30 -0.001566531794374 
43 31 -0.013593316668380 
43 32 -0.025028130248919 
43 33 -0.035531380689021 
43 34 -0.045418302484070 
43 35 -0.054778624639479 
43 36 -0.063434156533752 
43 37 -0.071811134329984 
43 38 -0.079754153261968 
43 39 -0.087061359297724 
43 40 -0.093518214983556 
43 41 -0.062353515274559 
43 42 0.273097822757609 
43 43 0.674005363918642 
43 44 0.283828043972908 
43 45 -0.068738571234413 
43 46 -0.106893817808637 
43 47 -0.103738146953061 
43 48 -0.098335612211516 
43 49 -0.092052072954054 
43 50 -0.083998157827036 
43 51 -0.074104331337380 
43 52 -0.063346379714164 
43 53 -0.050764208362426 
43 54 -0.036087362916677 
43 55 -0.019489783891909 
43 56 -0.000733750599900 
43 57 0.019211262922911 
44 0 -0.000001029629359 
44 1 -0.000082772562431 
44 2 -0.000664660678311 
44 3 -0.000520754209440 
44 4 0.001682563314512 
44 5 0.002646845820555 
44 6 0.001923331754309 
44 7 0.002358729062163 
44 8 0.004018784435759 
44 9 0.004966571748552 
44 10 0.004096563387606 
44 11 0.001682904777336 
44 12 -0.001347912583290 
44 13 -0.004025983173382 
44 14 -0.006095708132263 
44 15 -0.007732367222936 
44 16 -0.009050018043728 
44 17 -0.009784877955553 
44 18 -0.009394460744639 
44 19 -0.007605715863657 
44 20 -0.003753898948238 
44 21 0.002459914211713 
44 22 0.009684118337923 
44 23 0.015991269609655 
44 24 0.018196623729246 
44 25 0.016090808653531 
44 26 0.015019594417816 
44 27 0.019060348499562 
44 28 0.023712096163408 
44 29 0.021034288455116 
44 30 0.010992146113897 
44 31 -0.001508862965637 
44 32 -0.013911051665764 
44 33 -0.025364748479682 
44 34 -0.036441079802809 
44 35 -0.046946765273864 
44 36 -0.056499246763985 
44 37 -0.065991271775550 
44 38 -0.075287955687642 
44 39 -0.083709304083316 
44 40 -0.091500148380751 
44 41 -0.098079474738353 
44 42 -0.065671310269719 
44 43 0.283828043972908 
44 44 0.700597128228710 
44 45 0.294743780286400 
44 46 -0.071032070658088 
44 47 -0.110443360546253 
44 48 -0.106938257560933 
44 49 -0.101965708159736 
44 50 -0.095126172692657 
44 51 -0.086686390144671 
44 52 -0.077039314339660 
44 53 -0.065581530274001 
44 54 -0.052434280515140 
44 55 -0.037488410844639 
44 56 -0.020415051105903 
44 57 -0.001013125520132 
45 0 -0.000001247263093 
45 1 -0.000100733882526 
45 2 -0.000988562546268 
45 3 -0.001811029826887 
45 4 -0.000066979546454 
45 5 0.001351822185348 
45 6 0.000958836416646 
45 7 0.001231980737958 
45 8 0.003107131895238 
45 9 0.005155167003938 
45 10 0.005734546398616 
45 11 0.004514753626836 
45 12 0.002136710301920 
45 13 -0.000558152447453 
45 14 -0.003348261051429 
45 15 -0.005821097651321 
45 16 -0.007989150546322 
45 17 -0.009511810511491 
45 18 -0.010340614226864 
45 19 -0.010279399692456 
45 20 -0.008500698107153 
45 21 -0.004181207697092 
45 22 0.002200821119812 
45 23 0.009924348458874 
45 24 0.016417406821625 
45 25 0.018514534873717 
45 26 0.016002994902557 
45 27 0.015015598504596 
45 28 0.019692603413553 
45 29 0.025019574485625 
45 30 0.022467563438358 
45 31 0.011860890111327 
45 32 -0.001147134389325 
45 33 -0.013843191402140 
45 34 -0.026063502673982 
45 35 -0.037702498639572 
45 36 -0.048598371384317 
45 37 -0.058967536053626 
45 38 -0.069187795983316 
45 39 -0.078840549828627 
45 40 -0.087588249598936 
45 41 -0.095626251754123 
45 42 -0.102704985156255 
45 43 -0.068738571234413 
45 44 0.294743780286400 
45 45 0.726069414249330 
45 46 0.304900157970532 
45 47 -0.073063505677071 
45 48 -0.113440415052123 
45 49 -0.110212231317615 
45 50 -0.104772520792749 
45 51 -0.098010419844817 
45 52 -0.089432349159160 
45 53 -0.079493911169381 
45 54 -0.068137719377204 
45 55 -0.054752924805525 
45 56 -0.039298361577743 
45 57 -0.021090026945045 
46 0 -0.000001053006722 
46 1 -0.000102724633491 
46 2 -0.001167226168795 
46 3 -0.002782147923143 
46 4 -0.001709168593338 
46 5 -0.000057908668029 
46 6 -0.000084271317187 
46 7 -0.000035861163265 
46 8 0.001860663420658 
46 9 0.004652176270785 
46 10 0.006457090944222 
46 11 0.006695556069281 
46 12 0.005282072375512 
46 13 0.002822682783010 
46 14 -0.000302237053345 
46 15 -0.003368991152583 
46 16 -0.006182251162807 
46 17 -0.008363751096652 
46 18 -0.010024936085729 
46 19 -0.011230444012986 
46 20 -0.011310245478664 
46 21 -0.009508742882003 
46 22 -0.005007259024619 
46 23 0.002061958651471 
46 24 0.010422041971468 
46 25 0.017098114677018 
46 26 0.018598640452355 
46 27 0.016089430298307 
46 28 0.015452772919329 
46 29 0.020876666133839 
46 30 0.026677979381756 
46 31 0.023772207490123 
46 32 0.012520811976372 
46 33 -0.000830876894290 
46 34 -0.014121000668535 
46 35 -0.026937365447523 
46 36 -0.039027349803534 
46 37 -0.050481516418724 
46 38 -0.061711601781923 
46 39 -0.072256412695731 
46 40 -0.082202224784866 
46 41 -0.091273322328188 
46 42 -0.099817944127809 
46 43 -0.106893817808637 
46 44 -0.071032070658088 
46 45 0.304900157970532 
46 46 0.750305974106418 
46 47 0.315053313389921 
46 48 -0.075134030607932 
46 49 -0.116696818359895 
46 50 -0.112885725997289 
46 51 -0.107811387923540 
46 52 -0.100571855504763 
46 53 -0.092391904572736 
46 54 -0.082400451154247 
46 55 -0.070299698479263 
46 56 -0.056439032711326 
46 57 -0.039901507056184 
47 0 -0.000000938147608 
47 1 -0.000105424211113 
47 2 -0.001219698410743 
47 3 -0.003346816350346 
47 4 -0.003032785013497 
47 5 -0.001340618703194 
47 6 -0.001040916469484 
47 7 -0.001132264157167 
47 8 0.000484282654945 
47 9 0.003520388172525 
47 10 0.006258151923098 
47 11 0.007648784119383 
47 12 0.007329207513391 
47 13 0.005554811143812 
47 14 0.002758472585260 
47 15 -0.000376958538754 
47 16 -0.003584591520175 
47 17 -0.006463743624317 
47 18 -0.008693339126033 
47 19 -0.010632904440979 
47 20 -0.012111097183801 
47 21 -0.012611965744516 
47 22 -0.010829476044046 
47 23 -0.005759635670993 
47 24 0.002203895620348 
47 25 0.010914307089611 
47 26 0.017368209183764 
47 27 0.018903993314985 
47 28 0.016509836992289 
47 29 0.016400479594882 
47 30 0.022349124064877 
47 31 0.028203581577022 
47 32 0.024829785614605 
47 33 0.013234255749818 
47 34 -0.000788462565135 
47 35 -0.014602917957106 
47 36 -0.027947771127147 
47 37 -0.040533608401437 
47 38 -0.052604454235668 
47 39 -0.064142674180212 
47 40 -0.075242972908067 
47 41 -0.085439600074019 
47 42 -0.095150455142243 
47 43 -0.103738146953061 
47 44 -0.110443360546253 
47 45 -0.073063505677071 
47 46 0.315053313389921 
47 47 0.773453915312861 
47 48 0.324437753416409 
47 49 -0.076637835053187 
47 50 -0.119515723599917 
47 51 -0.116060631370609 
47 52 -0.110327669219922 
47 53 -0.103437293693056 
47 54 -0.095073846479374 
47 55 -0.084750462834974 
47 56 -0.072553500642847 
47 57 -0.058099808318017 
48 0 -0.000000738859267 
48 1 -0.000085947167024 
48 2 -0.001091080091357 
48 3 -0.003409938882815 
48 4 -0.003886074738105 
48 5 -0.002387286227576 
48 6 -0.001746313340931 
48 7 -0.002028984538072 
48 8 -0.001052263574601 
48 9 0.001793680434823 
48 10 0.005037271476041 
48 11 0.007398659679360 
48 12 0.008364984595303 
48 13 0.007656925830588 
48 14 0.005659393811001 
48 15 0.002746691208734 
48 16 -0.000630826308690 
48 17 -0.003908139227984 
48 18 -0.006618666806635 
48 19 -0.009177914448354 
48 20 -0.011695261105293 
48 21 -0.013760622100025 
48 22 -0.014045121852104 
48 23 -0.011785546853878 
48 24 -0.006047232774555 
48 25 0.002303454234168 
48 26 0.011218703681283 
48 27 0.017802926918989 
48 28 0.019453467195922 
48 29 0.017407553300701 
48 30 0.017691621126685 
48 31 0.023955682320612 
48 32 0.029688439301803 
48 33 0.026034645962248 
48 34 0.013698091863577 
48 35 -0.001025978693346 
48 36 -0.015377257928472 
48 37 -0.029234645506632 
48 38 -0.042313944725588 
48 39 -0.054859305935142 
48 40 -0.066908394246421 
48 41 -0.078191828228648 
48 42 -0.088800101007653 
48 43 -0.098335612211516 
48 44 -0.106938257560933 
48 45 -0.113440415052123 
48 46 -0.075134030607932 
48 47 0.324437753416409 
48 48 0.795500756097816 
48 49 0.334400098354950 
48 50 -0.077991459972284 
48 51 -0.122106671073503 
48 52 -0.118730347187640 
48 53 -0.113158216292562 
48 54 -0.106289407353477 
48 55 -0.098167430374502 
48 56 -0.087610020858580 
48 57 -0.074939819742972 
49 0 -0.000000242109345 
49 1 -0.000060626188273 
49 2 -0.000874369225952 
49 3 -0.003107709366216 
49 4 -0.004193039966767 
49 5 -0.002976739190876 
49 6 -0.002087137512547 
49 7 -0.002437431266790 
49 8 -0.002243305773335 
49 9 0.000039553058145 
49 10 0.003173437558549 
49 11 0.006083702455476 
49 12 0.008108268874173 
49 13 0.008541752265999 
49 14 0.007466639189499 
49 15 0.005253264267138 
49 16 0.002371435411355 
49 17 -0.000904086907653 
49 18 -0.003944938607305 
49 19 -0.006941565994991 
49 20 -0.010093932973522 
49 21 -0.013102009842908 
49 22 -0.015000400477511 
49 23 -0.015095064326610 
49 24 -0.012252049288403 
49 25 -0.006013169523662 
49 26 0.002552878711304 
49 27 0.011838691989012 
49 28 0.018493262456715 
49 29 0.020078440025086 
49 30 0.018257408551834 
49 31 0.018816437979404 
49 32 0.025145930856846 
49 33 0.030791741779606 
49 34 0.026821521988783 
49 35 0.014089873194954 
49 36 -0.001112915684162 
49 37 -0.016216044429121 
49 38 -0.030463810864028 
49 39 -0.043892728317739 
49 40 -0.056948829196963 
49 41 -0.069183655338545 
49 42 -0.081048602083777 
49 43 -0.092052072954054 
49 44 -0.101965708159736 
49 45 -0.110212231317615 
49 46 -0.116696818359895 
49 47 -0.076637835053187 
49 48 0.334400098354950 
49 49 0.818483956098396 
49 50 0.344127534594386 
49 51 -0.079431934157639 
49 52 -0.125094607178374 
49 53 -0.121618632511112 
49 54 -0.116539640435720 
49 55 -0.110038081483353 
49 56 -0.101193770633049 
49 57 -0.090318526030612 
50 0 -0.000000203415441 
50 1 -0.000030661151943 
50 2 -0.000596756273051 
50 3 -0.002595665753053 
50 4 -0.004130347551913 
50 5 -0.003306706813482 
50 6 -0.002304111620920 
50 7 -0.002545599488332 
50 8 -0.002703352959773 
50 9 -0.001349458132202 
50 10 0.001247640651410 
50 11 0.004208876718793 
50 12 0.006602218156074 
50 13 0.008015445222753 
50 14 0.008115057235202 
50 15 0.006931036622909 
50 16 0.004809653515351 
50 17 0.002143898334433 
50 18 -0.000728454190377 
50 19 -0.003945827875024 
50 20 -0.007593371853495 
50 21 -0.011141501764323 
50 22 -0.013969349901217 
50 23 -0.015990083568392 
50 24 -0.015851456967883 
50 25 -0.012461635450161 
50 26 -0.005991412257154 
50 27 0.003085650277375 
50 28 0.012450212182526 
50 29 0.019261407769336 
50 30 0.021130255193112 
50 31 0.019149940295822 
50 32 0.019736607786134 
50 33 0.026105178965867 
50 34 0.031691870278660 
50 35 0.027450070786018 
50 36 0.014366735763270 
50 37 -0.001268514732824 
50 38 -0.016741087633380 
50 39 -0.031415882781217 
50 40 -0.045577731731180 
50 41 -0.058902365649204 
50 42 -0.071798203982741 
50 43 -0.083998157827036 
50 44 -0.095126172692657 
50 45 -0.104772520792749 
50 46 -0.112885725997289 
50 47 -0.119515723599917 
50 48 -0.077991459972284 
50 49 0.344127534594386 
50 50 0.840055009949935 
50 51 0.353521695072199 
50 52 -0.081006301238767 
50 53 -0.128251808100289 
50 54 -0.125208771695598 
50 55 -0.120118704517684 
50 56 -0.112858752768875 
50 57 -0.103981190556411 
51 0 -0.000000213536954 
51 1 -0.000003394235463 
51 2 -0.000270728221274 
51 3 -0.001807475051789 
51 4 -0.003577524951359 
51 5 -0.003101021374133 
51 6 -0.002130186340278 
51 7 -0.002394045577539 
51 8 -0.002899807199900 
51 9 -0.002487324440865 
51 10 -0.000663228834955 
51 11 0.001956256365739 
51 12 0.004483569433359 
51 13 0.006469076066101 
51 14 0.007550724495047 
51 15 0.007476965772154 
51 16 0.006460335964532 
51 17 0.004878427192660 
51 18 0.002493730207624 
51 19 -0.000629414467889 
51 20 -0.004327487998873 
51 21 -0.008179065740727 
51 22 -0.011805942596254 
51 23 -0.014945043164729 
51 24 -0.016781712927316 
51 25 -0.016249445795263 
51 26 -0.012566230380307 
51 27 -0.005729572974341 
51 28 0.003382571000992 
51 29 0.012993074150706 
51 30 0.019947498768036 
51 31 0.021822971447264 
51 32 0.020011301370575 
51 33 0.020601943862929 
51 34 0.027302659628330 
51 35 0.032718496180287 
51 36 0.028106481309409 
51 37 0.014577260493527 
51 38 -0.001547016698678 
51 39 -0.017420903001227 
51 40 -0.032801942671702 
51 41 -0.047043002948193 
51 42 -0.060864261430377 
51 43 -0.074104331337380 
51 44 -0.086686390144671 
51 45 -0.098010419844817 
51 46 -0.107811387923540 
51 47 -0.116060631370609 
51 48 -0.122106671073503 
51 49 -0.079431934157639 
51 50 0.353521695072199 
51 51 0.863279001229490 
51 52 0.363658402503730 
51 53 -0.083288003903142 
51 54 -0.131993165981016 
51 55 -0.128568135445887 
51 56 -0.123288233582608 
51 57 -0.116166305143808 
52 0 0.000000304605701 
52 1 0.000026717666052 
52 2 0.000075397167749 
52 3 -0.000812193117204 
52 4 -0.002421823434309 
52 5 -0.002471046452393 
52 6 -0.001667462842066 
52 7 -0.001910929390743 
52 8 -0.002763578156866 
52 9 -0.003328243401870 
52 10 -0.002501759821215 
52 11 -0.000491438662463 
52 12 0.001934455574041 
52 13 0.004280528671870 
52 14 0.006053246624805 
52 15 0.007115402918059 
52 16 0.007227541241377 
52 17 0.006607708827239 
52 18 0.005127310915737 
52 19 0.002837811313214 
52 20 -0.000383086096023 
52 21 -0.004410919087591 
52 22 -0.008765688430387 
52 23 -0.012664689287922 
52 24 -0.015721126173696 
52 25 -0.017227178645261 
52 26 -0.016391103408125 
52 27 -0.012616674436698 
52 28 -0.005482373589376 
52 29 0.003721335408420 
52 30 0.012964266116344 
52 31 0.020318495954486 
52 32 0.022695708961446 
52 33 0.021058423243625 
52 34 0.021817133283516 
52 35 0.027940113955702 
52 36 0.033236872081319 
52 37 0.029051234341484 
52 38 0.015087413473116 
52 39 -0.001613323043398 
52 40 -0.017917200183535 
52 41 -0.033709847523286 
52 42 -0.049025790935233 
52 43 -0.063346379714164 
52 44 -0.077039314339660 
52 45 -0.089432349159160 
52 46 -0.100571855504763 
52 47 -0.110327669219922 
52 48 -0.118730347187640 
52 49 -0.125094607178374 
52 50 -0.081006301238767 
52 51 0.363658402503730 
52 52 0.887426207136026 
52 53 0.373916968510885 
52 54 -0.085694572912690 
52 55 -0.135504924091259 
52 56 -0.132613551211364 
52 57 -0.127298017289426 
53 0 0.000000751495760 
53 1 0.000053241133382 
53 2 0.000425600162466 
53 3 0.000297416315363 
53 4 -0.001174860122456 
53 5 -0.001777548862600 
53 6 -0.001168505511333 
53 7 -0.001255214570706 
53 8 -0.002403481686449 
53 9 -0.003536890497290 
53 10 -0.003656157327285 
53 11 -0.002475514613419 
53 12 -0.000531475191811 
53 13 0.001708424731595 
53 14 0.003900722008948 
53 15 0.005737848534033 
53 16 0.006841355647647 
53 17 0.007249465799451 
53 18 0.006906333881112 
53 19 0.005674005458964 
53 20 0.003374215354369 
53 21 -0.000141315040693 
53 22 -0.004548823242604 
53 23 -0.009276468234647 
53 24 -0.013398327324869 
53 25 -0.016306492783233 
53 26 -0.017561426187039 
53 27 -0.016568389305886 
53 28 -0.012506442853156 
53 29 -0.005695469664348 
53 30 0.003435764156653 
53 31 0.013282122226807 
53 32 0.020943775029685 
53 33 0.023490633825819 
53 34 0.021962684500172 
53 35 0.022430844517752 
53 36 0.028529588169477 
53 37 0.034434472205867 
53 38 0.030012856978992 
53 39 0.015951469577472 
53 40 -0.001295898735807 
53 41 -0.018584234776988 
53 42 -0.035061180165208 
53 43 -0.050764208362426 
53 44 -0.065581530274001 
53 45 -0.079493911169381 
53 46 -0.092391904572736 
53 47 -0.103437293693056 
53 48 -0.113158216292562 
53 49 -0.121618632511112 
53 50 -0.128251808100289 
53 51 -0.083288003903142 
53 52 0.373916968510885 
53 53 0.912840831180764 
53 54 0.385074436706324 
53 55 -0.088032666272735 
53 56 -0.139928402805486 
53 57 -0.136869558001103 
54 0 0.000000798136368 
54 1 0.000067047532220 
54 2 0.000691159503835 
54 3 0.001293329734476 
54 4 0.000295479639074 
54 5 -0.000655947168697 
54 6 -0.000527362200509 
54 7 -0.000670445242688 
54 8 -0.001919617022892 
54 9 -0.003345462214009 
54 10 -0.004245238132933 
54 11 -0.004162343387354 
54 12 -0.002940411703517 
54 13 -0.000956398054256 
54 14 0.001381082216921 
54 15 0.003567329158374 
54 16 0.005590838977973 
54 17 0.006961303208133 
54 18 0.007590379571025 
54 19 0.007552818929185 
54 20 0.006379234516188 
54 21 0.003986826419962 
54 22 0.000225830772738 
54 23 -0.004552506807639 
54 24 -0.009296208870926 
54 25 -0.013609483067646 
54 26 -0.016394873308181 
54 27 -0.017818265881598 
54 28 -0.017012228780000 
54 29 -0.013258487399464 
54 30 -0.006336246725955 
54 31 0.003081075120261 
54 32 0.013210770205332 
54 33 0.021207469556199 
54 34 0.024079239965391 
54 35 0.022793905571948 
54 36 0.023318254333047 
54 37 0.029656171004087 
54 38 0.035869498426798 
54 39 0.031579262036442 
54 40 0.017063369643959 
54 41 -0.001188942108657 
54 42 -0.018961289428010 
54 43 -0.036087362916677 
54 44 -0.052434280515140 
54 45 -0.068137719377204 
54 46 -0.082400451154247 
54 47 -0.095073846479374 
54 48 -0.106289407353477 
54 49 -0.116539640435720 
54 50 -0.125208771695598 
54 51 -0.131993165981016 
54 52 -0.085694572912690 
54 53 0.385074436706324 
54 54 0.940940879460133 
54 55 0.396981509165079 
54 56 -0.091128768239590 
54 57 -0.144686501554295 
55 0 0.000001127359871 
55 1 0.000077755932337 
55 2 0.000832217961421 
55 3 0.002029766786638 
55 4 0.001578629094548 
55 5 0.000475795235233 
55 6 0.000208345448757 
55 7 -0.000063549202557 
55 8 -0.001203249135476 
55 9 -0.002765559479967 
55 10 -0.004285585167556 
55 11 -0.005102557563386 
55 12 -0.004755290540589 
55 13 -0.003352834452373 
55 14 -0.001171295903923 
55 15 0.001181060596600 
55 16 0.003655387661404 
55 17 0.005790654079782 
55 18 0.007250886526449 
55 19 0.008220019974609 
55 20 0.008393767574855 
55 21 0.007487343413160 
55 22 0.004708874499633 
55 23 0.000534976908283 
55 24 -0.004508531356034 
55 25 -0.009684260557970 
55 26 -0.013900278191183 
55 27 -0.016650220868399 
55 28 -0.018141772355975 
55 29 -0.017716608671610 
55 30 -0.014074614661552 
55 31 -0.007015652556927 
55 32 0.002575294811294 
55 33 0.013200580561134 
55 34 0.021750709528516 
55 35 0.025173847316625 
55 36 0.023958021632068 
55 37 0.024233637153857 
55 38 0.030919467305425 
55 39 0.037304860428674 
55 40 0.033019114426018 
55 41 0.017703448283071 
55 42 -0.000872401046349 
55 43 -0.019489783891909 
55 44 -0.037488410844639 
55 45 -0.054752924805525 
55 46 -0.070299698479263 
55 47 -0.084750462834974 
55 48 -0.098167430374502 
55 49 -0.110038081483353 
55 50 -0.120118704517684 
55 51 -0.128568135445887 
55 52 -0.135504924091259 
55 53 -0.088032666272735 
55 54 0.396981509165079 
55 55 0.969762646475640 
55 56 0.409088149346389 
55 57 -0.094141912136345 
56 0 0.000000951760638 
56 1 0.000072315944778 
56 2 0.000870585792199 
56 3 0.002452178734352 
56 4 0.002525714141437 
56 5 0.001355801767803 
56 6 0.000814791497542 
56 7 0.000624850597282 
56 8 -0.000417299318956 
56 9 -0.002125387477499 
56 10 -0.003852136444831 
56 11 -0.005099459570142 
56 12 -0.005539668157645 
56 13 -0.004910015490994 
56 14 -0.003273192585324 
56 15 -0.001106642137912 
56 16 0.001336646654625 
56 17 0.003750033688320 
56 18 0.005812225843661 
56 19 0.007756367623183 
56 20 0.008951449768919 
56 21 0.009261866378096 
56 22 0.008069321219933 
56 23 0.005207062773857 
56 24 0.000747432043948 
56 25 -0.004472429618520 
56 26 -0.009883784683205 
56 27 -0.014192886904381 
56 28 -0.017278891949080 
56 29 -0.019159104300622 
56 30 -0.018617032106360 
56 31 -0.014966769795528 
56 32 -0.008034951020403 
56 33 0.002165695142738 
56 34 0.013689593205041 
56 35 0.023091802701903 
56 36 0.026798940455498 
56 37 0.025331445167161 
56 38 0.025471108359726 
56 39 0.032042700683715 
56 40 0.038589483630168 
56 41 0.034010020943679 
56 42 0.018473113644606 
56 43 -0.000733750599900 
56 44 -0.020415051105903 
56 45 -0.039298361577743 
56 46 -0.056439032711326 
56 47 -0.072553500642847 
56 48 -0.087610020858580 
56 49 -0.101193770633049 
56 50 -0.112858752768875 
56 51 -0.123288233582608 
56 52 -0.132613551211364 
56 53 -0.139928402805486 
56 54 -0.091128768239590 
56 55 0.409088149346389 
56 56 1.000813035080889 
56 57 0.422528301912060 
57 0 0.000000774510951 
57 1 0.000060098239708 
57 2 0.000815374674024 
57 3 0.002641385038278 
57 4 0.003245447491096 
57 5 0.002215751548631 
57 6 0.001321311621381 
57 7 0.001153495628611 
57 8 0.000314983412327 
57 9 -0.001408521863960 
57 10 -0.003226707287984 
57 11 -0.004753140434517 
57 12 -0.005566978171604 
57 13 -0.005727318598386 
57 14 -0.004849511328418 
57 15 -0.003044731861813 
57 16 -0.000690105491448 
57 17 0.001563158662732 
57 18 0.003755718373896 
57 19 0.006169098019932 
57 20 0.008173053937026 
57 21 0.009670236463565 
57 22 0.010187233995928 
57 23 0.009025713184105 
57 24 0.005687852652817 
57 25 0.001023490447648 
57 26 -0.004787827236555 
57 27 -0.010474138739753 
57 28 -0.014660348541544 
57 29 -0.018080832300374 
57 30 -0.020180005824924 
57 31 -0.019696094825988 
57 32 -0.016169229934974 
57 33 -0.008625440821292 
57 34 0.002425718333231 
57 35 0.014385112246218 
57 36 0.024246702106793 
57 37 0.027903302232600 
57 38 0.026275266080900 
57 39 0.026164857670670 
57 40 0.033067671396612 
57 41 0.040031031168036 
57 42 0.035385808152211 
57 43 0.019211262922911 
57 44 -0.001013125520132 
57 45 -0.021090026945045 
57 46 -0.039901507056184 
57 47 -0.058099808318017 
57 48 -0.074939819742972 
57 49 -0.090318526030612 
57 50 -0.103981190556411 
57 51 -0.116166305143808 
57 52 -0.127298017289426 
57 53 -0.136869558001103 
57 54 -0.144686501554295 
57 55 -0.094141912136345 
57 56 0.422528301912060 
57 57 1.032887612468591 
